1.000000e-04	1.999000e+00	1.999000e+00	1.000000e+00	-3.000000e+00
2.000000e-04	1.998000e+00	1.998000e+00	1.000000e+00	1.701800e+01
3.000000e-04	1.997000e+00	1.997000e+00	1.000000e+00	-6.321613e+01
4.000000e-04	1.996001e+00	1.996001e+00	1.000000e+00	2.587312e+02
5.000000e-04	1.995001e+00	1.995001e+00	1.000000e+00	-1.034562e+03
6.000000e-04	1.994002e+00	1.994002e+00	1.000000e+00	4.166536e+03
7.000000e-04	1.993003e+00	1.993002e+00	1.000000e+00	-1.677355e+04
8.000000e-04	1.992003e+00	1.992003e+00	1.000000e+00	6.762722e+04
9.000000e-04	1.991004e+00	1.991004e+00	1.000000e+00	-2.729365e+05
1.000000e-03	1.990005e+00	1.990005e+00	1.000000e+00	1.102795e+06
1.100000e-03	1.989006e+00	1.989006e+00	1.000000e+00	-4.460751e+06
1.200000e-03	1.988008e+00	1.988007e+00	1.000000e+00	1.806357e+07
1.300000e-03	1.987009e+00	1.987008e+00	1.000000e+00	-7.322855e+07
1.400000e-03	1.986011e+00	1.986010e+00	1.000000e+00	2.971925e+08
1.500000e-03	1.985012e+00	1.985011e+00	1.000000e+00	-1.207467e+09
1.600000e-03	1.984014e+00	1.984013e+00	1.000000e+00	4.911250e+09
1.700000e-03	1.983016e+00	1.983015e+00	1.000000e+00	-1.999804e+10
1.800000e-03	1.982018e+00	1.982017e+00	1.000000e+00	8.151943e+10
1.900000e-03	1.981020e+00	1.981019e+00	1.000000e+00	-3.326689e+11
2.000000e-03	1.980022e+00	1.980021e+00	1.000000e+00	1.359065e+12
2.100000e-03	1.979025e+00	1.979024e+00	1.000000e+00	-5.558332e+12
2.200000e-03	1.978028e+00	1.978026e+00	1.000000e+00	2.275749e+13
2.300000e-03	1.977030e+00	1.977029e+00	1.000000e+00	-9.327800e+13
2.400000e-03	1.976033e+00	1.976032e+00	1.000000e+00	3.827441e+14
2.500000e-03	1.975036e+00	1.975035e+00	1.000000e+00	-1.572214e+15
2.600000e-03	1.974039e+00	1.974038e+00	1.000000e+00	6.465289e+15
2.700000e-03	1.973043e+00	1.973041e+00	1.000000e+00	-2.661563e+16
2.800000e-03	1.972046e+00	1.972044e+00	1.000000e+00	1.096876e+17
2.900000e-03	1.971050e+00	1.971048e+00	1.000000e+00	-4.525325e+17
3.000000e-03	1.970053e+00	1.970051e+00	1.000000e+00	1.869015e+18
3.100000e-03	1.969057e+00	1.969055e+00	1.000000e+00	-7.727621e+18
3.200000e-03	1.968061e+00	1.968059e+00	1.000000e+00	3.198516e+19
3.300000e-03	1.967066e+00	1.967063e+00	1.000000e+00	-1.325318e+20
3.400000e-03	1.966070e+00	1.966068e+00	1.000000e+00	5.497434e+20
3.500000e-03	1.965075e+00	1.965072e+00	1.000000e+00	-2.282800e+21
3.600000e-03	1.964079e+00	1.964077e+00	1.000000e+00	9.489485e+21
3.700000e-03	1.963084e+00	1.963082e+00	1.000000e+00	-3.948972e+22
3.800000e-03	1.962089e+00	1.962087e+00	1.000000e+00	1.645097e+23
3.900000e-03	1.961094e+00	1.961092e+00	1.000000e+00	-6.860634e+23
4.000000e-03	1.960100e+00	1.960097e+00	1.000000e+00	2.864190e+24
4.100000e-03	1.959105e+00	1.959103e+00	1.000000e+00	-1.197026e+25
4.200000e-03	1.958111e+00	1.958108e+00	1.000000e+00	5.008054e+25
4.300000e-03	1.957117e+00	1.957114e+00	1.000000e+00	-2.097478e+26
4.400000e-03	1.956123e+00	1.956120e+00	1.000000e+00	8.794035e+26
4.500000e-03	1.955129e+00	1.955126e+00	1.000000e+00	-3.690973e+27
4.600000e-03	1.954136e+00	1.954133e+00	1.000000e+00	1.550797e+28
4.700000e-03	1.953142e+00	1.953139e+00	1.000000e+00	-6.522732e+28
4.800000e-03	1.952149e+00	1.952146e+00	1.000000e+00	2.746403e+29
4.900000e-03	1.951156e+00	1.951153e+00	1.000000e+00	-1.157600e+30
5.000000e-03	1.950163e+00	1.950160e+00	1.000000e+00	4.884407e+30
5.100000e-03	1.949171e+00	1.949167e+00	1.000000e+00	-2.063115e+31
5.200000e-03	1.948178e+00	1.948175e+00	1.000000e+00	8.723543e+31
5.300000e-03	1.947186e+00	1.947182e+00	1.000000e+00	-3.692492e+32
5.400000e-03	1.946194e+00	1.946190e+00	1.000000e+00	1.564599e+33
5.500000e-03	1.945202e+00	1.945198e+00	1.000000e+00	-6.636549e+33
5.600000e-03	1.944211e+00	1.944207e+00	1.000000e+00	2.817976e+34
5.700000e-03	1.943219e+00	1.943215e+00	1.000000e+00	-1.197808e+35
5.800000e-03	1.942228e+00	1.942224e+00	1.000000e+00	5.096728e+35
5.900000e-03	1.941237e+00	1.941233e+00	1.000000e+00	-2.170949e+36
6.000000e-03	1.940246e+00	1.940242e+00	1.000000e+00	9.256801e+36
6.100000e-03	1.939256e+00	1.939251e+00	1.000000e+00	-3.951163e+37
6.200000e-03	1.938265e+00	1.938260e+00	1.000000e+00	1.688267e+38
6.300000e-03	1.937275e+00	1.937270e+00	1.000000e+00	-7.221193e+38
6.400000e-03	1.936285e+00	1.936280e+00	1.000000e+00	3.091916e+39
6.500000e-03	1.935295e+00	1.935290e+00	1.000000e+00	-1.325247e+40
6.600000e-03	1.934306e+00	1.934301e+00	1.000000e+00	5.686121e+40
6.700000e-03	1.933316e+00	1.933311e+00	1.000000e+00	-2.442219e+41
6.800000e-03	1.932327e+00	1.932322e+00	1.000000e+00	1.050030e+42
6.900000e-03	1.931338e+00	1.931333e+00	1.000000e+00	-4.519261e+42
7.000000e-03	1.930350e+00	1.930344e+00	1.000000e+00	1.947066e+43
7.100000e-03	1.929361e+00	1.929356e+00	1.000000e+00	-8.397326e+43
7.200000e-03	1.928373e+00	1.928367e+00	1.000000e+00	3.625333e+44
7.300000e-03	1.927385e+00	1.927379e+00	1.000000e+00	-1.566754e+45
7.400000e-03	1.926397e+00	1.926391e+00	1.000000e+00	6.777967e+45
7.500000e-03	1.925410e+00	1.925404e+00	1.000000e+00	-2.935235e+46
7.600000e-03	1.924422e+00	1.924416e+00	1.000000e+00	1.272421e+47
7.700000e-03	1.923435e+00	1.923429e+00	1.000000e+00	-5.521569e+47
7.800000e-03	1.922449e+00	1.922442e+00	1.000000e+00	2.398488e+48
7.900000e-03	1.921462e+00	1.921455e+00	1.000000e+00	-1.042931e+49
8.000000e-03	1.920476e+00	1.920469e+00	1.000000e+00	4.539578e+49
8.100000e-03	1.919490e+00	1.919483e+00	1.000000e+00	-1.977959e+50
8.200000e-03	1.918504e+00	1.918497e+00	1.000000e+00	8.627009e+50
8.300000e-03	1.917518e+00	1.917511e+00	1.000000e+00	-3.766551e+51
8.400000e-03	1.916533e+00	1.916526e+00	1.000000e+00	1.646143e+52
8.500000e-03	1.915548e+00	1.915540e+00	1.000000e+00	-7.201631e+52
8.600000e-03	1.914563e+00	1.914555e+00	1.000000e+00	3.153793e+53
8.700000e-03	1.913578e+00	1.913571e+00	1.000000e+00	-1.382528e+54
8.800000e-03	1.912594e+00	1.912586e+00	1.000000e+00	6.066705e+54
8.900000e-03	1.911610e+00	1.911602e+00	1.000000e+00	-2.664828e+55
9.000000e-03	1.910626e+00	1.910618e+00	1.000000e+00	1.171716e+56
9.100000e-03	1.909642e+00	1.909634e+00	1.000000e+00	-5.157176e+56
9.200000e-03	1.908659e+00	1.908651e+00	1.000000e+00	2.272152e+57
9.300000e-03	1.907676e+00	1.907668e+00	1.000000e+00	-1.002070e+58
9.400000e-03	1.906693e+00	1.906685e+00	1.000000e+00	4.423784e+58
9.500000e-03	1.905710e+00	1.905702e+00	1.000000e+00	-1.954897e+59
9.600000e-03	1.904728e+00	1.904720e+00	1.000000e+00	8.647443e+59
9.700000e-03	1.903746e+00	1.903737e+00	1.000000e+00	-3.828994e+60
9.800000e-03	1.902764e+00	1.902756e+00	1.000000e+00	1.697128e+61
9.900000e-03	1.901783e+00	1.901774e+00	1.000000e+00	-7.529681e+61
1.000000e-02	1.900802e+00	1.900793e+00	1.000000e+00	3.344031e+62
1.010000e-02	1.899821e+00	1.899812e+00	1.000000e+00	-1.486604e+63
1.020000e-02	1.898840e+00	1.898831e+00	1.000000e+00	6.615321e+63
1.030000e-02	1.897860e+00	1.897850e+00	1.000000e+00	-2.946706e+64
1.040000e-02	1.896880e+00	1.896870e+00	1.000000e+00	1.313870e+65
1.050000e-02	1.895900e+00	1.895890e+00	1.000000e+00	-5.864041e+65
1.060000e-02	1.894920e+00	1.894910e+00	1.000000e+00	2.619813e+66
1.070000e-02	1.893941e+00	1.893931e+00	1.000000e+00	-1.171580e+67
1.080000e-02	1.892962e+00	1.892952e+00	1.000000e+00	5.244462e+67
1.090000e-02	1.891983e+00	1.891973e+00	1.000000e+00	-2.349942e+68
1.100000e-02	1.891005e+00	1.890995e+00	1.000000e+00	1.053999e+69
1.110000e-02	1.890027e+00	1.890016e+00	1.000000e+00	-4.732048e+69
1.120000e-02	1.889049e+00	1.889038e+00	1.000000e+00	2.126590e+70
1.130000e-02	1.888071e+00	1.888061e+00	1.000000e+00	-9.566291e+70
1.140000e-02	1.887094e+00	1.887083e+00	1.000000e+00	4.307527e+71
1.150000e-02	1.886117e+00	1.886106e+00	1.000000e+00	-1.941496e+72
1.160000e-02	1.885141e+00	1.885129e+00	1.000000e+00	8.759286e+72
1.170000e-02	1.884164e+00	1.884153e+00	1.000000e+00	-3.955706e+73
1.180000e-02	1.883188e+00	1.883177e+00	1.000000e+00	1.788142e+74
1.190000e-02	1.882212e+00	1.882201e+00	1.000000e+00	-8.090997e+74
1.200000e-02	1.881237e+00	1.881225e+00	1.000000e+00	3.664576e+75
1.210000e-02	1.880262e+00	1.880250e+00	1.000000e+00	-1.661371e+76
1.220000e-02	1.879287e+00	1.879275e+00	1.000000e+00	7.539286e+76
1.230000e-02	1.878313e+00	1.878300e+00	1.000000e+00	-3.424632e+77
1.240000e-02	1.877338e+00	1.877326e+00	1.000000e+00	1.557103e+78
1.250000e-02	1.876364e+00	1.876352e+00	1.000000e+00	-7.086634e+78
1.260000e-02	1.875391e+00	1.875378e+00	1.000000e+00	3.228356e+79
1.270000e-02	1.874418e+00	1.874405e+00	1.000000e+00	-1.472112e+80
1.280000e-02	1.873445e+00	1.873432e+00	1.000000e+00	6.719211e+80
1.290000e-02	1.872472e+00	1.872459e+00	1.000000e+00	-3.069820e+81
1.300000e-02	1.871500e+00	1.871487e+00	1.000000e+00	1.403861e+82
1.310000e-02	1.870528e+00	1.870514e+00	1.000000e+00	-6.426165e+82
1.320000e-02	1.869556e+00	1.869543e+00	1.000000e+00	2.944390e+83
1.330000e-02	1.868585e+00	1.868571e+00	1.000000e+00	-1.350374e+84
1.340000e-02	1.867614e+00	1.867600e+00	1.000000e+00	6.199088e+84
1.350000e-02	1.866643e+00	1.866629e+00	1.000000e+00	-2.848497e+85
1.360000e-02	1.865673e+00	1.865659e+00	1.000000e+00	1.310140e+86
1.370000e-02	1.864703e+00	1.864688e+00	1.000000e+00	-6.031608e+86
1.380000e-02	1.863733e+00	1.863719e+00	1.000000e+00	2.779466e+87
1.390000e-02	1.862763e+00	1.862749e+00	1.000000e+00	-1.282042e+88
1.400000e-02	1.861794e+00	1.861780e+00	1.000000e+00	5.919091e+88
1.410000e-02	1.860826e+00	1.860811e+00	1.000000e+00	-2.735391e+89
1.420000e-02	1.859857e+00	1.859842e+00	1.000000e+00	1.265304e+90
1.430000e-02	1.858889e+00	1.858874e+00	1.000000e+00	-5.858423e+90
1.440000e-02	1.857922e+00	1.857906e+00	1.000000e+00	2.715044e+91
1.450000e-02	1.856954e+00	1.856939e+00	1.000000e+00	-1.259455e+92
1.460000e-02	1.855987e+00	1.855972e+00	1.000000e+00	5.847868e+92
1.470000e-02	1.855021e+00	1.855005e+00	1.000000e+00	-2.717823e+93
1.480000e-02	1.854054e+00	1.854038e+00	1.000000e+00	1.264309e+94
1.490000e-02	1.853088e+00	1.853072e+00	1.000000e+00	-5.886985e+94
1.500000e-02	1.852123e+00	1.852106e+00	1.000000e+00	2.743721e+95
1.510000e-02	1.851157e+00	1.851141e+00	1.000000e+00	-1.279953e+96
1.520000e-02	1.850192e+00	1.850176e+00	1.000000e+00	5.976601e+96
1.530000e-02	1.849228e+00	1.849211e+00	1.000000e+00	-2.793319e+97
1.540000e-02	1.848264e+00	1.848247e+00	1.000000e+00	1.306750e+98
1.550000e-02	1.847300e+00	1.847283e+00	1.000000e+00	-6.118841e+98
1.560000e-02	1.846336e+00	1.846319e+00	1.000000e+00	2.867811e+99
1.570000e-02	1.845373e+00	1.845356e+00	1.000000e+00	-1.345353e+100
1.580000e-02	1.844410e+00	1.844393e+00	1.000000e+00	6.317210e+100
1.590000e-02	1.843448e+00	1.843430e+00	1.000000e+00	-2.969051e+101
1.600000e-02	1.842486e+00	1.842468e+00	1.000000e+00	1.396731e+102
1.610000e-02	1.841524e+00	1.841506e+00	1.000000e+00	-6.576735e+102
1.620000e-02	1.840563e+00	1.840545e+00	1.000000e+00	3.099629e+103
1.630000e-02	1.839602e+00	1.839583e+00	1.000000e+00	-1.462212e+104
1.640000e-02	1.838641e+00	1.838623e+00	1.000000e+00	6.904179e+104
1.650000e-02	1.837681e+00	1.837662e+00	1.000000e+00	-3.262979e+105
1.660000e-02	1.836721e+00	1.836702e+00	1.000000e+00	1.543535e+106
1.670000e-02	1.835761e+00	1.835743e+00	1.000000e+00	-7.308333e+106
1.680000e-02	1.834802e+00	1.834783e+00	1.000000e+00	3.463533e+107
1.690000e-02	1.833844e+00	1.833824e+00	1.000000e+00	-1.642930e+108
1.700000e-02	1.832885e+00	1.832866e+00	1.000000e+00	7.800403e+108
1.710000e-02	1.831927e+00	1.831908e+00	1.000000e+00	-3.706917e+109
1.720000e-02	1.830970e+00	1.830950e+00	1.000000e+00	1.763219e+110
1.730000e-02	1.830012e+00	1.829992e+00	1.000000e+00	-8.394529e+110
1.740000e-02	1.829055e+00	1.829035e+00	1.000000e+00	4.000212e+111
1.750000e-02	1.828099e+00	1.828079e+00	1.000000e+00	-1.907945e+112
1.760000e-02	1.827143e+00	1.827123e+00	1.000000e+00	9.108443e+112
1.770000e-02	1.826187e+00	1.826167e+00	1.000000e+00	-4.352289e+113
1.780000e-02	1.825232e+00	1.825211e+00	1.000000e+00	2.081546e+114
1.790000e-02	1.824277e+00	1.824256e+00	1.000000e+00	-9.964345e+114
1.800000e-02	1.823322e+00	1.823301e+00	1.000000e+00	4.774252e+115
1.810000e-02	1.822368e+00	1.822347e+00	1.000000e+00	-2.289577e+116
1.820000e-02	1.821415e+00	1.821393e+00	1.000000e+00	1.099002e+117
1.830000e-02	1.820461e+00	1.820440e+00	1.000000e+00	-5.280000e+117
1.840000e-02	1.819508e+00	1.819486e+00	1.000000e+00	2.538994e+118
1.850000e-02	1.818556e+00	1.818534e+00	1.000000e+00	-1.222028e+119
1.860000e-02	1.817603e+00	1.817581e+00	1.000000e+00	5.886971e+119
1.870000e-02	1.816652e+00	1.816629e+00	1.000000e+00	-2.838530e+120
1.880000e-02	1.815700e+00	1.815678e+00	1.000000e+00	1.369890e+121
1.890000e-02	1.814749e+00	1.814727e+00	1.000000e+00	-6.617100e+121
1.900000e-02	1.813799e+00	1.813776e+00	1.000000e+00	3.199185e+122
1.910000e-02	1.812849e+00	1.812826e+00	1.000000e+00	-1.548104e+123
1.920000e-02	1.811899e+00	1.811876e+00	1.000000e+00	7.498074e+123
1.930000e-02	1.810950e+00	1.810926e+00	1.000000e+00	-3.634859e+124
1.940000e-02	1.810001e+00	1.809977e+00	1.000000e+00	1.763654e+125
1.950000e-02	1.809052e+00	1.809028e+00	1.000000e+00	-8.564984e+125
1.960000e-02	1.808104e+00	1.808080e+00	1.000000e+00	4.163195e+126
1.970000e-02	1.807156e+00	1.807132e+00	1.000000e+00	-2.025413e+127
1.980000e-02	1.806209e+00	1.806185e+00	1.000000e+00	9.862494e+127
1.990000e-02	1.805262e+00	1.805238e+00	1.000000e+00	-4.806684e+128
2.000000e-02	1.804316e+00	1.804291e+00	1.000000e+00	2.344714e+129
2.010000e-02	1.803370e+00	1.803345e+00	1.000000e+00	-1.144772e+130
2.020000e-02	1.802424e+00	1.802399e+00	1.000000e+00	5.594132e+130
2.030000e-02	1.801479e+00	1.801454e+00	1.000000e+00	-2.736091e+131
2.040000e-02	1.800534e+00	1.800509e+00	1.000000e+00	1.339405e+132
2.050000e-02	1.799590e+00	1.799564e+00	1.000000e+00	-6.562614e+132
2.060000e-02	1.798646e+00	1.798620e+00	1.000000e+00	3.218285e+133
2.070000e-02	1.797702e+00	1.797676e+00	1.000000e+00	-1.579627e+134
2.080000e-02	1.796759e+00	1.796733e+00	1.000000e+00	7.760092e+134
2.090000e-02	1.795816e+00	1.795790e+00	1.000000e+00	-3.815581e+135
2.100000e-02	1.794874e+00	1.794848e+00	1.000000e+00	1.877741e+136
2.110000e-02	1.793932e+00	1.793906e+00	1.000000e+00	-9.248934e+136
2.120000e-02	1.792991e+00	1.792964e+00	1.000000e+00	4.559613e+137
2.130000e-02	1.792050e+00	1.792023e+00	1.000000e+00	-2.249802e+138
2.140000e-02	1.791110e+00	1.791082e+00	1.000000e+00	1.111067e+139
2.150000e-02	1.790169e+00	1.790142e+00	1.000000e+00	-5.491808e+139
2.160000e-02	1.789230e+00	1.789202e+00	1.000000e+00	2.716872e+140
2.170000e-02	1.788291e+00	1.788263e+00	1.000000e+00	-1.345245e+141
2.180000e-02	1.787352e+00	1.787324e+00	1.000000e+00	6.666713e+141
2.190000e-02	1.786414e+00	1.786386e+00	1.000000e+00	-3.306737e+142
2.200000e-02	1.785476e+00	1.785447e+00	1.000000e+00	1.641590e+143
2.210000e-02	1.784538e+00	1.784510e+00	1.000000e+00	-8.156549e+143
2.220000e-02	1.783601e+00	1.783573e+00	1.000000e+00	4.056249e+144
2.230000e-02	1.782665e+00	1.782636e+00	1.000000e+00	-2.018918e+145
2.240000e-02	1.781729e+00	1.781700e+00	1.000000e+00	1.005746e+146
2.250000e-02	1.780793e+00	1.780764e+00	1.000000e+00	-5.014567e+146
2.260000e-02	1.779858e+00	1.779828e+00	1.000000e+00	2.502379e+147
2.270000e-02	1.778923e+00	1.778893e+00	1.000000e+00	-1.249819e+148
2.280000e-02	1.777989e+00	1.777959e+00	1.000000e+00	6.247630e+148
2.290000e-02	1.777055e+00	1.777025e+00	1.000000e+00	-3.125769e+149
2.300000e-02	1.776122e+00	1.776091e+00	1.000000e+00	1.565207e+150
2.310000e-02	1.775189e+00	1.775158e+00	1.000000e+00	-7.844396e+150
2.320000e-02	1.774256e+00	1.774226e+00	1.000000e+00	3.934772e+151
2.330000e-02	1.773324e+00	1.773293e+00	1.000000e+00	-1.975385e+152
2.340000e-02	1.772393e+00	1.772362e+00	1.000000e+00	9.925571e+152
2.350000e-02	1.771461e+00	1.771430e+00	1.000000e+00	-4.991493e+153
2.360000e-02	1.770531e+00	1.770499e+00	1.000000e+00	2.512328e+154
2.370000e-02	1.769601e+00	1.769569e+00	1.000000e+00	-1.265589e+155
2.380000e-02	1.768671e+00	1.768639e+00	1.000000e+00	6.380858e+155
2.390000e-02	1.767742e+00	1.767710e+00	1.000000e+00	-3.219846e+156
2.400000e-02	1.766813e+00	1.766781e+00	1.000000e+00	1.626150e+157
2.410000e-02	1.765884e+00	1.765852e+00	1.000000e+00	-8.219679e+157
2.420000e-02	1.764957e+00	1.764924e+00	1.000000e+00	4.158318e+158
2.430000e-02	1.764029e+00	1.763997e+00	1.000000e+00	-2.105468e+159
2.440000e-02	1.763102e+00	1.763069e+00	1.000000e+00	1.066958e+160
2.450000e-02	1.762176e+00	1.762143e+00	1.000000e+00	-5.411449e+160
2.460000e-02	1.761250e+00	1.761217e+00	1.000000e+00	2.746925e+161
2.470000e-02	1.760324e+00	1.760291e+00	1.000000e+00	-1.395553e+162
2.480000e-02	1.759399e+00	1.759366e+00	1.000000e+00	7.095982e+162
2.490000e-02	1.758475e+00	1.758441e+00	1.000000e+00	-3.611140e+163
2.500000e-02	1.757551e+00	1.757517e+00	1.000000e+00	1.839254e+164
2.510000e-02	1.756627e+00	1.756593e+00	1.000000e+00	-9.375708e+164
2.520000e-02	1.755704e+00	1.755669e+00	1.000000e+00	4.783340e+165
2.530000e-02	1.754781e+00	1.754747e+00	1.000000e+00	-2.442433e+166
2.540000e-02	1.753859e+00	1.753824e+00	1.000000e+00	1.248183e+167
2.550000e-02	1.752937e+00	1.752902e+00	1.000000e+00	-6.384064e+167
2.560000e-02	1.752016e+00	1.751981e+00	1.000000e+00	3.267981e+168
2.570000e-02	1.751096e+00	1.751060e+00	1.000000e+00	-1.674267e+169
2.580000e-02	1.750175e+00	1.750140e+00	1.000000e+00	8.584841e+169
2.590000e-02	1.749256e+00	1.749220e+00	1.000000e+00	-4.405568e+170
2.600000e-02	1.748336e+00	1.748300e+00	1.000000e+00	2.262733e+171
2.610000e-02	1.747418e+00	1.747381e+00	1.000000e+00	-1.163124e+172
2.620000e-02	1.746499e+00	1.746463e+00	1.000000e+00	5.983838e+172
2.630000e-02	1.745581e+00	1.745545e+00	1.000000e+00	-3.081018e+173
2.640000e-02	1.744664e+00	1.744627e+00	1.000000e+00	1.587701e+174
2.650000e-02	1.743747e+00	1.743710e+00	1.000000e+00	-8.188480e+174
2.660000e-02	1.742831e+00	1.742794e+00	1.000000e+00	4.226660e+175
2.670000e-02	1.741915e+00	1.741878e+00	1.000000e+00	-2.183486e+176
2.680000e-02	1.741000e+00	1.740962e+00	1.000000e+00	1.128918e+177
2.690000e-02	1.740085e+00	1.740047e+00	1.000000e+00	-5.841611e+177
2.700000e-02	1.739171e+00	1.739133e+00	1.000000e+00	3.025248e+178
2.710000e-02	1.738257e+00	1.738219e+00	1.000000e+00	-1.568003e+179
2.720000e-02	1.737344e+00	1.737305e+00	1.000000e+00	8.133741e+179
2.730000e-02	1.736431e+00	1.736392e+00	1.000000e+00	-4.222704e+180
2.740000e-02	1.735519e+00	1.735480e+00	1.000000e+00	2.194055e+181
2.750000e-02	1.734607e+00	1.734568e+00	1.000000e+00	-1.140934e+182
2.760000e-02	1.733695e+00	1.733656e+00	1.000000e+00	5.937854e+182
2.770000e-02	1.732785e+00	1.732745e+00	1.000000e+00	-3.092815e+183
2.780000e-02	1.731874e+00	1.731835e+00	1.000000e+00	1.612255e+184
2.790000e-02	1.730965e+00	1.730925e+00	1.000000e+00	-8.411395e+184
2.800000e-02	1.730055e+00	1.730015e+00	1.000000e+00	4.391944e+185
2.810000e-02	1.729147e+00	1.729106e+00	1.000000e+00	-2.295090e+186
2.820000e-02	1.728238e+00	1.728198e+00	1.000000e+00	1.200318e+187
2.830000e-02	1.727331e+00	1.727290e+00	1.000000e+00	-6.282699e+187
2.840000e-02	1.726423e+00	1.726382e+00	1.000000e+00	3.291162e+188
2.850000e-02	1.725517e+00	1.725476e+00	1.000000e+00	-1.725460e+189
2.860000e-02	1.724610e+00	1.724569e+00	1.000000e+00	9.053421e+189
2.870000e-02	1.723705e+00	1.723663e+00	1.000000e+00	-4.754146e+190
2.880000e-02	1.722800e+00	1.722758e+00	1.000000e+00	2.498526e+191
2.890000e-02	1.721895e+00	1.721853e+00	1.000000e+00	-1.314155e+192
2.900000e-02	1.720991e+00	1.720949e+00	1.000000e+00	6.917674e+192
2.910000e-02	1.720087e+00	1.720045e+00	1.000000e+00	-3.644384e+193
2.920000e-02	1.719184e+00	1.719142e+00	1.000000e+00	1.921491e+194
2.930000e-02	1.718282e+00	1.718239e+00	1.000000e+00	-1.013917e+195
2.940000e-02	1.717380e+00	1.717337e+00	1.000000e+00	5.354462e+195
2.950000e-02	1.716478e+00	1.716435e+00	1.000000e+00	-2.829948e+196
2.960000e-02	1.715577e+00	1.715534e+00	1.000000e+00	1.496890e+197
2.970000e-02	1.714677e+00	1.714633e+00	1.000000e+00	-7.924096e+197
2.980000e-02	1.713777e+00	1.713733e+00	1.000000e+00	4.198147e+198
2.990000e-02	1.712877e+00	1.712833e+00	1.000000e+00	-2.225939e+199
3.000000e-02	1.711978e+00	1.711934e+00	1.000000e+00	1.181181e+200
3.010000e-02	1.711080e+00	1.711036e+00	1.000000e+00	-6.272873e+200
3.020000e-02	1.710182e+00	1.710138e+00	1.000000e+00	3.333982e+201
3.030000e-02	1.709285e+00	1.709240e+00	1.000000e+00	-1.773399e+202
3.040000e-02	1.708388e+00	1.708343e+00	1.000000e+00	9.440514e+202
3.050000e-02	1.707492e+00	1.707447e+00	1.000000e+00	-5.029566e+203
3.060000e-02	1.706596e+00	1.706551e+00	1.000000e+00	2.681703e+204
3.070000e-02	1.705701e+00	1.705655e+00	1.000000e+00	-1.430987e+205
3.080000e-02	1.704806e+00	1.704761e+00	1.000000e+00	7.641976e+205
3.090000e-02	1.703912e+00	1.703866e+00	1.000000e+00	-4.084320e+206
3.100000e-02	1.703019e+00	1.702973e+00	1.000000e+00	2.184630e+207
3.110000e-02	1.702126e+00	1.702079e+00	1.000000e+00	-1.169444e+208
3.120000e-02	1.701233e+00	1.701187e+00	1.000000e+00	6.265051e+208
3.130000e-02	1.700342e+00	1.700295e+00	1.000000e+00	-3.359020e+209
3.140000e-02	1.699450e+00	1.699403e+00	1.000000e+00	1.802367e+210
3.150000e-02	1.698559e+00	1.698512e+00	1.000000e+00	-9.678678e+210
3.160000e-02	1.697669e+00	1.697621e+00	1.000000e+00	5.201527e+211
3.170000e-02	1.696779e+00	1.696731e+00	1.000000e+00	-2.797611e+212
3.180000e-02	1.695890e+00	1.695842e+00	1.000000e+00	1.505861e+213
3.190000e-02	1.695001e+00	1.694953e+00	1.000000e+00	-8.111920e+213
3.200000e-02	1.694113e+00	1.694065e+00	1.000000e+00	4.373236e+214
3.210000e-02	1.693226e+00	1.693177e+00	1.000000e+00	-2.359513e+215
3.220000e-02	1.692339e+00	1.692290e+00	1.000000e+00	1.274037e+216
3.230000e-02	1.691452e+00	1.691403e+00	1.000000e+00	-6.884636e+216
3.240000e-02	1.690567e+00	1.690517e+00	1.000000e+00	3.723226e+217
3.250000e-02	1.689681e+00	1.689632e+00	1.000000e+00	-2.015100e+218
3.260000e-02	1.688796e+00	1.688747e+00	1.000000e+00	1.091472e+219
3.270000e-02	1.687912e+00	1.687862e+00	1.000000e+00	-5.916527e+219
3.280000e-02	1.687028e+00	1.686978e+00	1.000000e+00	3.209660e+220
3.290000e-02	1.686145e+00	1.686095e+00	1.000000e+00	-1.742564e+221
3.300000e-02	1.685263e+00	1.685212e+00	1.000000e+00	9.467950e+221
3.310000e-02	1.684381e+00	1.684330e+00	1.000000e+00	-5.148255e+222
3.320000e-02	1.683499e+00	1.683448e+00	1.000000e+00	2.801566e+223
3.330000e-02	1.682618e+00	1.682567e+00	1.000000e+00	-1.525731e+224
3.340000e-02	1.681738e+00	1.681687e+00	1.000000e+00	8.315550e+224
3.350000e-02	1.680858e+00	1.680807e+00	1.000000e+00	-4.535652e+225
3.360000e-02	1.679979e+00	1.679927e+00	1.000000e+00	2.475847e+226
3.370000e-02	1.679101e+00	1.679048e+00	1.000000e+00	-1.352518e+227
3.380000e-02	1.678222e+00	1.678170e+00	1.000000e+00	7.394296e+227
3.390000e-02	1.677345e+00	1.677292e+00	1.000000e+00	-4.045620e+228
3.400000e-02	1.676468e+00	1.676415e+00	1.000000e+00	2.215172e+229
3.410000e-02	1.675592e+00	1.675539e+00	1.000000e+00	-1.213845e+230
3.420000e-02	1.674716e+00	1.674663e+00	1.000000e+00	6.656606e+230
3.430000e-02	1.673841e+00	1.673787e+00	1.000000e+00	-3.653216e+231
3.440000e-02	1.672966e+00	1.672912e+00	1.000000e+00	2.006461e+232
3.450000e-02	1.672092e+00	1.672038e+00	1.000000e+00	-1.102855e+233
3.460000e-02	1.671218e+00	1.671164e+00	1.000000e+00	6.066503e+233
3.470000e-02	1.670345e+00	1.670291e+00	1.000000e+00	-3.339567e+234
3.480000e-02	1.669473e+00	1.669418e+00	1.000000e+00	1.839812e+235
3.490000e-02	1.668601e+00	1.668546e+00	1.000000e+00	-1.014350e+236
3.500000e-02	1.667730e+00	1.667675e+00	1.000000e+00	5.596716e+236
3.510000e-02	1.666859e+00	1.666804e+00	1.000000e+00	-3.090360e+237
3.520000e-02	1.665989e+00	1.665934e+00	1.000000e+00	1.707714e+238
3.530000e-02	1.665120e+00	1.665064e+00	1.000000e+00	-9.443899e+238
3.540000e-02	1.664251e+00	1.664195e+00	1.000000e+00	5.226573e+239
3.550000e-02	1.663382e+00	1.663326e+00	1.000000e+00	-2.894756e+240
3.560000e-02	1.662515e+00	1.662458e+00	1.000000e+00	1.604486e+241
3.570000e-02	1.661647e+00	1.661591e+00	1.000000e+00	-8.899970e+241
3.580000e-02	1.660781e+00	1.660724e+00	1.000000e+00	4.940484e+242
3.590000e-02	1.659915e+00	1.659858e+00	1.000000e+00	-2.744597e+243
3.600000e-02	1.659049e+00	1.658992e+00	1.000000e+00	1.525862e+244
3.610000e-02	1.658184e+00	1.658127e+00	1.000000e+00	-8.489451e+244
3.620000e-02	1.657320e+00	1.657263e+00	1.000000e+00	4.726840e+245
3.630000e-02	1.656456e+00	1.656399e+00	1.000000e+00	-2.633838e+246
3.640000e-02	1.655593e+00	1.655535e+00	1.000000e+00	1.468702e+247
3.650000e-02	1.654731e+00	1.654673e+00	1.000000e+00	-8.196049e+247
3.660000e-02	1.653869e+00	1.653810e+00	1.000000e+00	4.577215e+248
3.670000e-02	1.653007e+00	1.652949e+00	1.000000e+00	-2.558136e+249
3.680000e-02	1.652147e+00	1.652088e+00	1.000000e+00	1.430774e+250
3.690000e-02	1.651286e+00	1.651227e+00	1.000000e+00	-8.008363e+250
3.700000e-02	1.650427e+00	1.650368e+00	1.000000e+00	4.485811e+251
3.710000e-02	1.649568e+00	1.649508e+00	1.000000e+00	-2.514563e+252
3.720000e-02	1.648709e+00	1.648650e+00	1.000000e+00	1.410614e+253
3.730000e-02	1.647852e+00	1.647792e+00	1.000000e+00	-7.919131e+253
3.740000e-02	1.646994e+00	1.646934e+00	1.000000e+00	4.449081e+254
3.750000e-02	1.646138e+00	1.646078e+00	1.000000e+00	-2.501418e+255
3.760000e-02	1.645282e+00	1.645221e+00	1.000000e+00	1.407424e+256
3.770000e-02	1.644426e+00	1.644366e+00	1.000000e+00	-7.924765e+256
3.780000e-02	1.643572e+00	1.643511e+00	1.000000e+00	4.465498e+257
3.790000e-02	1.642717e+00	1.642656e+00	1.000000e+00	-2.518114e+258
3.800000e-02	1.641864e+00	1.641802e+00	1.000000e+00	1.421028e+259
3.810000e-02	1.641011e+00	1.640949e+00	1.000000e+00	-8.025110e+259
3.820000e-02	1.640158e+00	1.640096e+00	1.000000e+00	4.535451e+260
3.830000e-02	1.639306e+00	1.639244e+00	1.000000e+00	-2.565138e+261
3.840000e-02	1.638455e+00	1.638393e+00	1.000000e+00	1.451849e+262
3.850000e-02	1.637604e+00	1.637542e+00	1.000000e+00	-8.223415e+262
3.860000e-02	1.636754e+00	1.636692e+00	1.000000e+00	4.661255e+263
3.870000e-02	1.635905e+00	1.635842e+00	1.000000e+00	-2.644071e+264
3.880000e-02	1.635056e+00	1.634993e+00	1.000000e+00	1.500937e+265
3.890000e-02	1.634208e+00	1.634145e+00	1.000000e+00	-8.526502e+265
3.900000e-02	1.633360e+00	1.633297e+00	1.000000e+00	4.847278e+266
3.910000e-02	1.632513e+00	1.632449e+00	1.000000e+00	-2.757677e+267
3.920000e-02	1.631667e+00	1.631603e+00	1.000000e+00	1.570026e+268
3.930000e-02	1.630821e+00	1.630757e+00	1.000000e+00	-8.945159e+268
3.940000e-02	1.629976e+00	1.629911e+00	1.000000e+00	5.100195e+269
3.950000e-02	1.629131e+00	1.629067e+00	1.000000e+00	-2.910065e+270
3.960000e-02	1.628287e+00	1.628222e+00	1.000000e+00	1.661635e+271
3.970000e-02	1.627444e+00	1.627379e+00	1.000000e+00	-9.494781e+271
3.980000e-02	1.626601e+00	1.626536e+00	1.000000e+00	5.429386e+272
3.990000e-02	1.625759e+00	1.625693e+00	1.000000e+00	-3.106937e+273
4.000000e-02	1.624917e+00	1.624852e+00	1.000000e+00	1.779221e+274
4.010000e-02	1.624076e+00	1.624010e+00	1.000000e+00	-1.019631e+275
4.020000e-02	1.623236e+00	1.623170e+00	1.000000e+00	5.847509e+275
4.030000e-02	1.622396e+00	1.622330e+00	1.000000e+00	-3.355937e+276
4.040000e-02	1.621557e+00	1.621491e+00	1.000000e+00	1.927398e+277
4.050000e-02	1.620719e+00	1.620652e+00	1.000000e+00	-1.107754e+278
4.060000e-02	1.619881e+00	1.619814e+00	1.000000e+00	6.371313e+278
4.070000e-02	1.619044e+00	1.618977e+00	1.000000e+00	-3.667148e+279
4.080000e-02	1.618207e+00	1.618140e+00	1.000000e+00	2.112231e+280
4.090000e-02	1.617371e+00	1.617303e+00	1.000000e+00	-1.217496e+281
4.100000e-02	1.616536e+00	1.616468e+00	1.000000e+00	7.022736e+281
4.110000e-02	1.615701e+00	1.615633e+00	1.000000e+00	-4.053758e+282
4.120000e-02	1.614867e+00	1.614798e+00	1.000000e+00	2.341648e+283
4.130000e-02	1.614033e+00	1.613965e+00	1.000000e+00	-1.353622e+284
4.140000e-02	1.613200e+00	1.613132e+00	1.000000e+00	7.830415e+284
4.150000e-02	1.612368e+00	1.612299e+00	1.000000e+00	-4.532978e+285
4.160000e-02	1.611536e+00	1.611467e+00	1.000000e+00	2.625994e+286
4.170000e-02	1.610705e+00	1.610636e+00	1.000000e+00	-1.522350e+287
4.180000e-02	1.609875e+00	1.609805e+00	1.000000e+00	8.831736e+287
4.190000e-02	1.609045e+00	1.608975e+00	1.000000e+00	-5.127290e+288
4.200000e-02	1.608216e+00	1.608146e+00	1.000000e+00	2.978789e+289
4.210000e-02	1.607388e+00	1.607317e+00	1.000000e+00	-1.731814e+290
4.220000e-02	1.606560e+00	1.606489e+00	1.000000e+00	1.007563e+291
4.230000e-02	1.605732e+00	1.605662e+00	1.000000e+00	-5.866140e+291
4.240000e-02	1.604906e+00	1.604835e+00	1.000000e+00	3.417760e+292
4.250000e-02	1.604080e+00	1.604008e+00	1.000000e+00	-1.992688e+293
4.260000e-02	1.603254e+00	1.603183e+00	1.000000e+00	1.162640e+294
4.270000e-02	1.602429e+00	1.602358e+00	1.000000e+00	-6.788275e+294
4.280000e-02	1.601605e+00	1.601533e+00	1.000000e+00	3.966261e+295
4.290000e-02	1.600782e+00	1.600710e+00	1.000000e+00	-2.319053e+296
4.300000e-02	1.599959e+00	1.599887e+00	1.000000e+00	1.356899e+297
4.310000e-02	1.599137e+00	1.599064e+00	1.000000e+00	-7.944947e+297
4.320000e-02	1.598315e+00	1.598242e+00	1.000000e+00	4.655232e+298
4.330000e-02	1.597494e+00	1.597421e+00	1.000000e+00	-2.729594e+299
4.340000e-02	1.596674e+00	1.596601e+00	1.000000e+00	1.601625e+300
4.350000e-02	1.595854e+00	1.595781e+00	1.000000e+00	-9.404366e+300
4.360000e-02	1.595035e+00	1.594961e+00	1.000000e+00	5.525910e+301
4.370000e-02	1.594216e+00	1.594143e+00	1.000000e+00	-3.249252e+302
4.380000e-02	1.593399e+00	1.593325e+00	1.000000e+00	1.911913e+303
4.390000e-02	1.592581e+00	1.592507e+00	1.000000e+00	-1.125790e+304
4.400000e-02	1.591765e+00	1.591690e+00	1.000000e+00	6.633631e+304
4.410000e-02	1.590949e+00	1.590874e+00	1.000000e+00	-3.911555e+305
4.420000e-02	1.590134e+00	1.590059e+00	1.000000e+00	2.308083e+306
4.430000e-02	1.589319e+00	1.589244e+00	1.000000e+00	-1.362879e+307
4.440000e-02	1.588505e+00	1.588430e+00	1.000000e+00	8.053161e+307
4.450000e-02	1.587692e+00	1.587616e+00	1.000000e+00	-4.761883e+308
4.460000e-02	1.586879e+00	1.586803e+00	1.000000e+00	2.817694e+309
4.470000e-02	1.586067e+00	1.585991e+00	1.000000e+00	-1.668444e+310
4.480000e-02	1.585255e+00	1.585179e+00	1.000000e+00	9.886253e+310
4.490000e-02	1.584445e+00	1.584368e+00	1.000000e+00	-5.862109e+311
4.500000e-02	1.583635e+00	1.583558e+00	1.000000e+00	3.478387e+312
4.510000e-02	1.582825e+00	1.582748e+00	1.000000e+00	-2.065396e+313
4.520000e-02	1.582016e+00	1.581939e+00	1.000000e+00	1.227242e+314
4.530000e-02	1.581208e+00	1.581131e+00	1.000000e+00	-7.297227e+314
4.540000e-02	1.580400e+00	1.580323e+00	1.000000e+00	4.341965e+315
4.550000e-02	1.579593e+00	1.579516e+00	1.000000e+00	-2.585326e+316
4.560000e-02	1.578787e+00	1.578709e+00	1.000000e+00	1.540439e+317
4.570000e-02	1.577982e+00	1.577903e+00	1.000000e+00	-9.184881e+317
4.580000e-02	1.577177e+00	1.577098e+00	1.000000e+00	5.480275e+318
4.590000e-02	1.576372e+00	1.576294e+00	1.000000e+00	-3.272129e+319
4.600000e-02	1.575568e+00	1.575490e+00	1.000000e+00	1.955050e+320
4.610000e-02	1.574765e+00	1.574686e+00	1.000000e+00	-1.168918e+321
4.620000e-02	1.573963e+00	1.573884e+00	1.000000e+00	6.993729e+321
4.630000e-02	1.573161e+00	1.573082e+00	1.000000e+00	-4.187280e+322
4.640000e-02	1.572360e+00	1.572281e+00	1.000000e+00	2.508726e+323
4.650000e-02	1.571560e+00	1.571480e+00	1.000000e+00	-1.504085e+324
4.660000e-02	1.570760e+00	1.570680e+00	1.000000e+00	9.023790e+324
4.670000e-02	1.569961e+00	1.569881e+00	1.000000e+00	-5.417550e+325
4.680000e-02	1.569162e+00	1.569082e+00	1.000000e+00	3.254723e+326
4.690000e-02	1.568364e+00	1.568284e+00	1.000000e+00	-1.956689e+327
4.700000e-02	1.567567e+00	1.567486e+00	1.000000e+00	1.177135e+328
4.710000e-02	1.566771e+00	1.566690e+00	1.000000e+00	-7.086418e+328
4.720000e-02	1.565975e+00	1.565893e+00	1.000000e+00	4.268973e+329
4.730000e-02	1.565180e+00	1.565098e+00	1.000000e+00	-2.573451e+330
4.740000e-02	1.564385e+00	1.564303e+00	1.000000e+00	1.552400e+331
4.750000e-02	1.563591e+00	1.563509e+00	1.000000e+00	-9.371020e+331
4.760000e-02	1.562798e+00	1.562716e+00	1.000000e+00	5.660633e+332
4.770000e-02	1.562005e+00	1.561923e+00	1.000000e+00	-3.421668e+333
4.780000e-02	1.561213e+00	1.561131e+00	1.000000e+00	2.069689e+334
4.790000e-02	1.560422e+00	1.560339e+00	1.000000e+00	-1.252757e+335
4.800000e-02	1.559631e+00	1.559548e+00	1.000000e+00	7.587910e+335
4.810000e-02	1.558841e+00	1.558758e+00	1.000000e+00	-4.599085e+336
4.820000e-02	1.558052e+00	1.557968e+00	1.000000e+00	2.789421e+337
4.830000e-02	1.557263e+00	1.557180e+00	1.000000e+00	-1.692973e+338
4.840000e-02	1.556475e+00	1.556391e+00	1.000000e+00	1.028203e+339
4.850000e-02	1.555688e+00	1.555604e+00	1.000000e+00	-6.248852e+339
4.860000e-02	1.554901e+00	1.554817e+00	1.000000e+00	3.800267e+340
4.870000e-02	1.554115e+00	1.554031e+00	1.000000e+00	-2.312705e+341
4.880000e-02	1.553330e+00	1.553245e+00	1.000000e+00	1.408375e+342
4.890000e-02	1.552545e+00	1.552460e+00	1.000000e+00	-8.582386e+342
4.900000e-02	1.551761e+00	1.551676e+00	1.000000e+00	5.233463e+343
4.910000e-02	1.550978e+00	1.550892e+00	1.000000e+00	-3.193460e+344
4.920000e-02	1.550195e+00	1.550109e+00	1.000000e+00	1.949956e+345
4.930000e-02	1.549413e+00	1.549327e+00	1.000000e+00	-1.191458e+346
4.940000e-02	1.548631e+00	1.548545e+00	1.000000e+00	7.284892e+346
4.950000e-02	1.547851e+00	1.547764e+00	1.000000e+00	-4.457154e+347
4.960000e-02	1.547071e+00	1.546984e+00	1.000000e+00	2.728866e+348
4.970000e-02	1.546291e+00	1.546205e+00	1.000000e+00	-1.671846e+349
4.980000e-02	1.545512e+00	1.545426e+00	1.000000e+00	1.024943e+350
4.990000e-02	1.544734e+00	1.544647e+00	1.000000e+00	-6.287713e+350
5.000000e-02	1.543957e+00	1.543870e+00	1.000000e+00	3.859886e+351
5.010000e-02	1.543180e+00	1.543093e+00	1.000000e+00	-2.371073e+352
5.020000e-02	1.542404e+00	1.542316e+00	1.000000e+00	1.457484e+353
5.030000e-02	1.541629e+00	1.541541e+00	1.000000e+00	-8.965010e+353
5.040000e-02	1.540854e+00	1.540766e+00	1.000000e+00	5.518052e+354
5.050000e-02	1.540080e+00	1.539992e+00	1.000000e+00	-3.398666e+355
5.060000e-02	1.539306e+00	1.539218e+00	1.000000e+00	2.094685e+356
5.070000e-02	1.538534e+00	1.538445e+00	1.000000e+00	-1.291862e+357
5.080000e-02	1.537762e+00	1.537673e+00	1.000000e+00	7.972608e+357
5.090000e-02	1.536990e+00	1.536901e+00	1.000000e+00	-4.923473e+358
5.100000e-02	1.536219e+00	1.536130e+00	1.000000e+00	3.042490e+359
5.110000e-02	1.535449e+00	1.535360e+00	1.000000e+00	-1.881364e+360
5.120000e-02	1.534680e+00	1.534590e+00	1.000000e+00	1.164133e+361
5.130000e-02	1.533911e+00	1.533821e+00	1.000000e+00	-7.208059e+361
5.140000e-02	1.533143e+00	1.533053e+00	1.000000e+00	4.466007e+362
5.150000e-02	1.532376e+00	1.532286e+00	1.000000e+00	-2.768890e+363
5.160000e-02	1.531609e+00	1.531519e+00	1.000000e+00	1.717818e+364
5.170000e-02	1.530843e+00	1.530752e+00	1.000000e+00	-1.066432e+365
5.180000e-02	1.530078e+00	1.529987e+00	1.000000e+00	6.624820e+365
5.190000e-02	1.529313e+00	1.529222e+00	1.000000e+00	-4.118121e+366
5.200000e-02	1.528549e+00	1.528458e+00	1.000000e+00	2.561582e+367
5.210000e-02	1.527786e+00	1.527694e+00	1.000000e+00	-1.594414e+368
5.220000e-02	1.527023e+00	1.526931e+00	1.000000e+00	9.930650e+368
5.230000e-02	1.526261e+00	1.526169e+00	1.000000e+00	-6.189243e+369
5.240000e-02	1.525500e+00	1.525408e+00	1.000000e+00	3.859940e+370
5.250000e-02	1.524739e+00	1.524647e+00	1.000000e+00	-2.408831e+371
5.260000e-02	1.523979e+00	1.523887e+00	1.000000e+00	1.504232e+372
5.270000e-02	1.523220e+00	1.523127e+00	1.000000e+00	-9.399521e+372
5.280000e-02	1.522461e+00	1.522368e+00	1.000000e+00	5.877313e+373
5.290000e-02	1.521703e+00	1.521610e+00	1.000000e+00	-3.677340e+374
5.300000e-02	1.520946e+00	1.520853e+00	1.000000e+00	2.302345e+375
5.310000e-02	1.520189e+00	1.520096e+00	1.000000e+00	-1.442409e+376
5.320000e-02	1.519433e+00	1.519340e+00	1.000000e+00	9.042486e+376
5.330000e-02	1.518678e+00	1.518584e+00	1.000000e+00	-5.672417e+377
5.340000e-02	1.517924e+00	1.517829e+00	1.000000e+00	3.560650e+378
5.350000e-02	1.517170e+00	1.517075e+00	1.000000e+00	-2.236510e+379
5.360000e-02	1.516417e+00	1.516322e+00	1.000000e+00	1.405700e+380
5.370000e-02	1.515664e+00	1.515569e+00	1.000000e+00	-8.840860e+380
5.380000e-02	1.514912e+00	1.514817e+00	1.000000e+00	5.563860e+381
5.390000e-02	1.514161e+00	1.514066e+00	1.000000e+00	-3.503785e+382
5.400000e-02	1.513411e+00	1.513315e+00	1.000000e+00	2.207893e+383
5.410000e-02	1.512661e+00	1.512565e+00	1.000000e+00	-1.392188e+384
5.420000e-02	1.511912e+00	1.511816e+00	1.000000e+00	8.784083e+384
5.430000e-02	1.511163e+00	1.511067e+00	1.000000e+00	-5.545921e+385
5.440000e-02	1.510415e+00	1.510319e+00	1.000000e+00	3.503720e+386
5.450000e-02	1.509668e+00	1.509572e+00	1.000000e+00	-2.214946e+387
5.460000e-02	1.508922e+00	1.508825e+00	1.000000e+00	1.401119e+388
5.470000e-02	1.508176e+00	1.508079e+00	1.000000e+00	-8.868794e+388
5.480000e-02	1.507431e+00	1.507334e+00	1.000000e+00	5.617351e+389
5.490000e-02	1.506687e+00	1.506590e+00	1.000000e+00	-3.560212e+390
5.500000e-02	1.505943e+00	1.505846e+00	1.000000e+00	2.257861e+391
5.510000e-02	1.505200e+00	1.505103e+00	1.000000e+00	-1.432832e+392
5.520000e-02	1.504458e+00	1.504360e+00	1.000000e+00	9.098504e+392
5.530000e-02	1.503716e+00	1.503618e+00	1.000000e+00	-5.781240e+393
5.540000e-02	1.502975e+00	1.502877e+00	1.000000e+00	3.675769e+394
5.550000e-02	1.502235e+00	1.502137e+00	1.000000e+00	-2.338575e+395
5.560000e-02	1.501495e+00	1.501397e+00	1.000000e+00	1.488778e+396
5.570000e-02	1.500757e+00	1.500658e+00	1.000000e+00	-9.483838e+396
5.580000e-02	1.500018e+00	1.499919e+00	1.000000e+00	6.045239e+397
5.590000e-02	1.499281e+00	1.499182e+00	1.000000e+00	-3.855830e+398
5.600000e-02	1.498544e+00	1.498445e+00	1.000000e+00	2.460917e+399
5.610000e-02	1.497808e+00	1.497708e+00	1.000000e+00	-1.571631e+400
5.620000e-02	1.497072e+00	1.496973e+00	1.000000e+00	1.004335e+401
5.630000e-02	1.496338e+00	1.496238e+00	1.000000e+00	-6.422152e+401
5.640000e-02	1.495604e+00	1.495503e+00	1.000000e+00	4.109192e+402
5.650000e-02	1.494870e+00	1.494770e+00	1.000000e+00	-2.630910e+403
5.660000e-02	1.494137e+00	1.494037e+00	1.000000e+00	1.685501e+404
5.670000e-02	1.493405e+00	1.493305e+00	1.000000e+00	-1.080501e+405
5.680000e-02	1.492674e+00	1.492573e+00	1.000000e+00	6.930972e+405
5.690000e-02	1.491943e+00	1.491842e+00	1.000000e+00	-4.448729e+406
5.700000e-02	1.491214e+00	1.491112e+00	1.000000e+00	2.857263e+407
5.710000e-02	1.490484e+00	1.490383e+00	1.000000e+00	-1.836272e+408
5.720000e-02	1.489756e+00	1.489654e+00	1.000000e+00	1.180852e+409
5.730000e-02	1.489028e+00	1.488926e+00	1.000000e+00	-7.598470e+409
5.740000e-02	1.488301e+00	1.488198e+00	1.000000e+00	4.892472e+410
5.750000e-02	1.487574e+00	1.487472e+00	1.000000e+00	-3.152114e+411
5.760000e-02	1.486848e+00	1.486746e+00	1.000000e+00	2.032108e+412
5.770000e-02	1.486123e+00	1.486020e+00	1.000000e+00	-1.310878e+413
5.780000e-02	1.485399e+00	1.485296e+00	1.000000e+00	8.461530e+413
5.790000e-02	1.484675e+00	1.484572e+00	1.000000e+00	-5.465198e+414
5.800000e-02	1.483952e+00	1.483849e+00	1.000000e+00	3.532102e+415
5.810000e-02	1.483229e+00	1.483126e+00	1.000000e+00	-2.284182e+416
5.820000e-02	1.482508e+00	1.482404e+00	1.000000e+00	1.478080e+417
5.830000e-02	1.481787e+00	1.481683e+00	1.000000e+00	-9.570504e+417
5.840000e-02	1.481066e+00	1.480962e+00	1.000000e+00	6.200706e+418
5.850000e-02	1.480347e+00	1.480243e+00	1.000000e+00	-4.019914e+419
5.860000e-02	1.479628e+00	1.479523e+00	1.000000e+00	2.607722e+420
5.870000e-02	1.478910e+00	1.478805e+00	1.000000e+00	-1.692679e+421
5.880000e-02	1.478192e+00	1.478087e+00	1.000000e+00	1.099402e+422
5.890000e-02	1.477475e+00	1.477370e+00	1.000000e+00	-7.145075e+422
5.900000e-02	1.476759e+00	1.476654e+00	1.000000e+00	4.646492e+423
5.910000e-02	1.476044e+00	1.475938e+00	1.000000e+00	-3.023510e+424
5.920000e-02	1.475329e+00	1.475223e+00	1.000000e+00	1.968636e+425
5.930000e-02	1.474615e+00	1.474509e+00	1.000000e+00	-1.282587e+426
5.940000e-02	1.473901e+00	1.473795e+00	1.000000e+00	8.361336e+426
5.950000e-02	1.473189e+00	1.473083e+00	1.000000e+00	-5.454205e+427
5.960000e-02	1.472477e+00	1.472370e+00	1.000000e+00	3.560033e+428
5.970000e-02	1.471765e+00	1.471659e+00	1.000000e+00	-2.325109e+429
5.980000e-02	1.471055e+00	1.470948e+00	1.000000e+00	1.519494e+430
5.990000e-02	1.470345e+00	1.470238e+00	1.000000e+00	-9.936211e+430
6.000000e-02	1.469636e+00	1.469529e+00	1.000000e+00	6.501426e+431
6.010000e-02	1.468927e+00	1.468820e+00	1.000000e+00	-4.256594e+432
6.020000e-02	1.468219e+00	1.468112e+00	1.000000e+00	2.788569e+433
6.030000e-02	1.467512e+00	1.467404e+00	1.000000e+00	-1.827957e+434
6.040000e-02	1.466806e+00	1.466698e+00	1.000000e+00	1.198990e+435
6.050000e-02	1.466100e+00	1.465992e+00	1.000000e+00	-7.869192e+435
6.060000e-02	1.465395e+00	1.465287e+00	1.000000e+00	5.167844e+436
6.070000e-02	1.464690e+00	1.464582e+00	1.000000e+00	-3.395887e+437
6.080000e-02	1.463987e+00	1.463878e+00	1.000000e+00	2.232859e+438
6.090000e-02	1.463284e+00	1.463175e+00	1.000000e+00	-1.469039e+439
6.100000e-02	1.462581e+00	1.462473e+00	1.000000e+00	9.670955e+439
6.110000e-02	1.461880e+00	1.461771e+00	1.000000e+00	-6.370434e+440
6.120000e-02	1.461179e+00	1.461070e+00	1.000000e+00	4.198867e+441
6.130000e-02	1.460479e+00	1.460369e+00	1.000000e+00	-2.769226e+442
6.140000e-02	1.459779e+00	1.459670e+00	1.000000e+00	1.827460e+443
6.150000e-02	1.459080e+00	1.458971e+00	1.000000e+00	-1.206702e+444
6.160000e-02	1.458382e+00	1.458272e+00	1.000000e+00	7.972873e+444
6.170000e-02	1.457685e+00	1.457575e+00	1.000000e+00	-5.270988e+445
6.180000e-02	1.456988e+00	1.456878e+00	1.000000e+00	3.486835e+446
6.190000e-02	1.456292e+00	1.456182e+00	1.000000e+00	-2.307984e+447
6.200000e-02	1.455597e+00	1.455486e+00	1.000000e+00	1.528608e+448
6.210000e-02	1.454902e+00	1.454791e+00	1.000000e+00	-1.013026e+449
6.220000e-02	1.454208e+00	1.454097e+00	1.000000e+00	6.717487e+449
6.230000e-02	1.453515e+00	1.453404e+00	1.000000e+00	-4.457118e+450
6.240000e-02	1.452823e+00	1.452711e+00	1.000000e+00	2.959118e+451
6.250000e-02	1.452131e+00	1.452019e+00	1.000000e+00	-1.965764e+452
6.260000e-02	1.451440e+00	1.451328e+00	1.000000e+00	1.306655e+453
6.270000e-02	1.450749e+00	1.450637e+00	1.000000e+00	-8.690619e+453
6.280000e-02	1.450059e+00	1.449947e+00	1.000000e+00	5.783633e+454
6.290000e-02	1.449370e+00	1.449258e+00	1.000000e+00	-3.851329e+455
6.300000e-02	1.448682e+00	1.448569e+00	1.000000e+00	2.566140e+456
6.310000e-02	1.447994e+00	1.447882e+00	1.000000e+00	-1.710840e+457
6.320000e-02	1.447307e+00	1.447195e+00	1.000000e+00	1.141295e+458
6.330000e-02	1.446621e+00	1.446508e+00	1.000000e+00	-7.618080e+458
6.340000e-02	1.445935e+00	1.445822e+00	1.000000e+00	5.088058e+459
6.350000e-02	1.445251e+00	1.445137e+00	1.000000e+00	-3.400300e+460
6.360000e-02	1.444566e+00	1.444453e+00	1.000000e+00	2.273741e+461
6.370000e-02	1.443883e+00	1.443769e+00	1.000000e+00	-1.521328e+462
6.380000e-02	1.443200e+00	1.443086e+00	1.000000e+00	1.018505e+463
6.390000e-02	1.442518e+00	1.442404e+00	1.000000e+00	-6.822776e+463
6.400000e-02	1.441837e+00	1.441723e+00	1.000000e+00	4.573165e+464
6.410000e-02	1.441156e+00	1.441042e+00	1.000000e+00	-3.067115e+465
6.420000e-02	1.440476e+00	1.440362e+00	1.000000e+00	2.058262e+466
6.430000e-02	1.439797e+00	1.439682e+00	1.000000e+00	-1.382064e+467
6.440000e-02	1.439118e+00	1.439003e+00	1.000000e+00	9.285658e+467
6.450000e-02	1.438440e+00	1.438325e+00	1.000000e+00	-6.242433e+468
6.460000e-02	1.437763e+00	1.437648e+00	1.000000e+00	4.199055e+469
6.470000e-02	1.437087e+00	1.436971e+00	1.000000e+00	-2.826217e+470
6.480000e-02	1.436411e+00	1.436295e+00	1.000000e+00	1.903337e+471
6.490000e-02	1.435736e+00	1.435620e+00	1.000000e+00	-1.282571e+472
6.500000e-02	1.435061e+00	1.434946e+00	1.000000e+00	8.647752e+472
6.510000e-02	1.434388e+00	1.434272e+00	1.000000e+00	-5.834188e+473
6.520000e-02	1.433715e+00	1.433598e+00	1.000000e+00	3.938337e+474
6.530000e-02	1.433042e+00	1.432926e+00	1.000000e+00	-2.660115e+475
6.540000e-02	1.432371e+00	1.432254e+00	1.000000e+00	1.797806e+476
6.550000e-02	1.431700e+00	1.431583e+00	1.000000e+00	-1.215738e+477
6.560000e-02	1.431030e+00	1.430913e+00	1.000000e+00	8.226058e+477
6.570000e-02	1.430360e+00	1.430243e+00	1.000000e+00	-5.569264e+478
6.580000e-02	1.429691e+00	1.429574e+00	1.000000e+00	3.772749e+479
6.590000e-02	1.429023e+00	1.428906e+00	1.000000e+00	-2.557243e+480
6.600000e-02	1.428356e+00	1.428238e+00	1.000000e+00	1.734362e+481
6.610000e-02	1.427689e+00	1.427572e+00	1.000000e+00	-1.176958e+482
6.620000e-02	1.427023e+00	1.426905e+00	1.000000e+00	7.991635e+482
6.630000e-02	1.426358e+00	1.426240e+00	1.000000e+00	-5.429545e+483
6.640000e-02	1.425693e+00	1.425575e+00	1.000000e+00	3.691001e+484
6.650000e-02	1.425030e+00	1.424911e+00	1.000000e+00	-2.510601e+485
6.660000e-02	1.424366e+00	1.424248e+00	1.000000e+00	1.708691e+486
6.670000e-02	1.423704e+00	1.423585e+00	1.000000e+00	-1.163595e+487
6.680000e-02	1.423042e+00	1.422923e+00	1.000000e+00	7.928528e+487
6.690000e-02	1.422381e+00	1.422262e+00	1.000000e+00	-5.405490e+488
6.700000e-02	1.421721e+00	1.421601e+00	1.000000e+00	3.687478e+489
6.710000e-02	1.421061e+00	1.420941e+00	1.000000e+00	-2.516954e+490
6.720000e-02	1.420402e+00	1.420282e+00	1.000000e+00	1.718987e+491
6.730000e-02	1.419744e+00	1.419624e+00	1.000000e+00	-1.174684e+492
6.740000e-02	1.419086e+00	1.418966e+00	1.000000e+00	8.031942e+492
6.750000e-02	1.418429e+00	1.418309e+00	1.000000e+00	-5.495040e+493
6.760000e-02	1.417773e+00	1.417653e+00	1.000000e+00	3.761593e+494
6.770000e-02	1.417117e+00	1.416997e+00	1.000000e+00	-2.576459e+495
6.780000e-02	1.416462e+00	1.416342e+00	1.000000e+00	1.765732e+496
6.790000e-02	1.415808e+00	1.415688e+00	1.000000e+00	-1.210811e+497
6.800000e-02	1.415155e+00	1.415034e+00	1.000000e+00	8.307646e+497
6.810000e-02	1.414502e+00	1.414381e+00	1.000000e+00	-5.703339e+498
6.820000e-02	1.413850e+00	1.413729e+00	1.000000e+00	3.917688e+499
6.830000e-02	1.413199e+00	1.413078e+00	1.000000e+00	-2.692650e+500
6.840000e-02	1.412548e+00	1.412427e+00	1.000000e+00	1.851735e+501
6.850000e-02	1.411898e+00	1.411777e+00	1.000000e+00	-1.274169e+502
6.860000e-02	1.411249e+00	1.411127e+00	1.000000e+00	8.772506e+502
6.870000e-02	1.410601e+00	1.410479e+00	1.000000e+00	-6.043227e+503
6.880000e-02	1.409953e+00	1.409831e+00	1.000000e+00	4.165455e+504
6.890000e-02	1.409306e+00	1.409184e+00	1.000000e+00	-2.872792e+505
6.900000e-02	1.408659e+00	1.408537e+00	1.000000e+00	1.982412e+506
6.910000e-02	1.408014e+00	1.407891e+00	1.000000e+00	-1.368773e+507
6.920000e-02	1.407369e+00	1.407246e+00	1.000000e+00	9.456198e+507
6.930000e-02	1.406724e+00	1.406602e+00	1.000000e+00	-6.536557e+508
6.940000e-02	1.406081e+00	1.405958e+00	1.000000e+00	4.520940e+509
6.950000e-02	1.405438e+00	1.405315e+00	1.000000e+00	-3.128640e+510
6.960000e-02	1.404796e+00	1.404672e+00	1.000000e+00	2.166352e+511
6.970000e-02	1.404154e+00	1.404031e+00	1.000000e+00	-1.500892e+512
6.980000e-02	1.403513e+00	1.403390e+00	1.000000e+00	1.040438e+513
6.990000e-02	1.402873e+00	1.402749e+00	1.000000e+00	-7.216542e+513
7.000000e-02	1.402234e+00	1.402110e+00	1.000000e+00	5.008276e+514
7.010000e-02	1.401595e+00	1.401471e+00	1.000000e+00	-3.477709e+515
7.020000e-02	1.400957e+00	1.400833e+00	1.000000e+00	2.416262e+516
7.030000e-02	1.400320e+00	1.400195e+00	1.000000e+00	-1.679733e+517
7.040000e-02	1.399683e+00	1.399559e+00	1.000000e+00	1.168374e+518
7.050000e-02	1.399047e+00	1.398923e+00	1.000000e+00	-8.131467e+518
7.060000e-02	1.398412e+00	1.398287e+00	1.000000e+00	5.662403e+519
7.070000e-02	1.397778e+00	1.397652e+00	1.000000e+00	-3.945276e+520
7.080000e-02	1.397144e+00	1.397019e+00	1.000000e+00	2.750418e+521
7.090000e-02	1.396511e+00	1.396385e+00	1.000000e+00	-1.918512e+522
7.100000e-02	1.395878e+00	1.395753e+00	1.000000e+00	1.338981e+523
7.110000e-02	1.395246e+00	1.395121e+00	1.000000e+00	-9.350363e+523
7.120000e-02	1.394615e+00	1.394490e+00	1.000000e+00	6.533207e+524
7.130000e-02	1.393985e+00	1.393859e+00	1.000000e+00	-4.567390e+525
7.140000e-02	1.393355e+00	1.393229e+00	1.000000e+00	3.194871e+526
7.150000e-02	1.392727e+00	1.392600e+00	1.000000e+00	-2.236052e+527
7.160000e-02	1.392098e+00	1.391972e+00	1.000000e+00	1.565862e+528
7.170000e-02	1.391471e+00	1.391344e+00	1.000000e+00	-1.097156e+529
7.180000e-02	1.390844e+00	1.390717e+00	1.000000e+00	7.691760e+529
7.190000e-02	1.390218e+00	1.390091e+00	1.000000e+00	-5.395427e+530
7.200000e-02	1.389592e+00	1.389465e+00	1.000000e+00	3.786766e+531
7.210000e-02	1.388968e+00	1.388840e+00	1.000000e+00	-2.659214e+532
7.220000e-02	1.388344e+00	1.388216e+00	1.000000e+00	1.868444e+533
7.230000e-02	1.387720e+00	1.387593e+00	1.000000e+00	-1.313557e+534
7.240000e-02	1.387098e+00	1.386970e+00	1.000000e+00	9.239734e+534
7.250000e-02	1.386476e+00	1.386348e+00	1.000000e+00	-6.502967e+535
7.260000e-02	1.385854e+00	1.385727e+00	1.000000e+00	4.579362e+536
7.270000e-02	1.385234e+00	1.385106e+00	1.000000e+00	-3.226559e+537
7.280000e-02	1.384614e+00	1.384486e+00	1.000000e+00	2.274653e+538
7.290000e-02	1.383995e+00	1.383867e+00	1.000000e+00	-1.604470e+539
7.300000e-02	1.383376e+00	1.383248e+00	1.000000e+00	1.132371e+540
7.310000e-02	1.382759e+00	1.382630e+00	1.000000e+00	-7.996249e+540
7.320000e-02	1.382141e+00	1.382013e+00	1.000000e+00	5.649684e+541
7.330000e-02	1.381525e+00	1.381396e+00	1.000000e+00	-3.993946e+542
7.340000e-02	1.380909e+00	1.380780e+00	1.000000e+00	2.825011e+543
7.350000e-02	1.380294e+00	1.380165e+00	1.000000e+00	-1.999299e+544
7.360000e-02	1.379680e+00	1.379551e+00	1.000000e+00	1.415712e+545
7.370000e-02	1.379067e+00	1.378937e+00	1.000000e+00	-1.003025e+546
7.380000e-02	1.378454e+00	1.378324e+00	1.000000e+00	7.110294e+546
7.390000e-02	1.377841e+00	1.377712e+00	1.000000e+00	-5.043157e+547
7.400000e-02	1.377230e+00	1.377100e+00	1.000000e+00	3.578955e+548
7.410000e-02	1.376619e+00	1.376489e+00	1.000000e+00	-2.541258e+549
7.420000e-02	1.376009e+00	1.375879e+00	1.000000e+00	1.805427e+550
7.430000e-02	1.375400e+00	1.375269e+00	1.000000e+00	-1.283362e+551
7.440000e-02	1.374791e+00	1.374661e+00	1.000000e+00	9.127605e+551
7.450000e-02	1.374183e+00	1.374052e+00	1.000000e+00	-6.495348e+552
7.460000e-02	1.373576e+00	1.373445e+00	1.000000e+00	4.624724e+553
7.470000e-02	1.372969e+00	1.372838e+00	1.000000e+00	-3.294632e+554
7.480000e-02	1.372363e+00	1.372232e+00	1.000000e+00	2.348364e+555
7.490000e-02	1.371758e+00	1.371627e+00	1.000000e+00	-1.674793e+556
7.500000e-02	1.371153e+00	1.371022e+00	1.000000e+00	1.195072e+557
7.510000e-02	1.370549e+00	1.370418e+00	1.000000e+00	-8.532260e+557
7.520000e-02	1.369946e+00	1.369815e+00	1.000000e+00	6.094959e+558
7.530000e-02	1.369344e+00	1.369212e+00	1.000000e+00	-4.356263e+559
7.540000e-02	1.368742e+00	1.368610e+00	1.000000e+00	3.115257e+560
7.550000e-02	1.368141e+00	1.368009e+00	1.000000e+00	-2.228999e+561
7.560000e-02	1.367540e+00	1.367408e+00	1.000000e+00	1.595739e+562
7.570000e-02	1.366941e+00	1.366809e+00	1.000000e+00	-1.143010e+563
7.580000e-02	1.366342e+00	1.366210e+00	1.000000e+00	8.191695e+563
7.590000e-02	1.365743e+00	1.365611e+00	1.000000e+00	-5.873989e+564
7.600000e-02	1.365146e+00	1.365013e+00	1.000000e+00	4.214324e+565
7.610000e-02	1.364549e+00	1.364416e+00	1.000000e+00	-3.025227e+566
7.620000e-02	1.363953e+00	1.363820e+00	1.000000e+00	2.172816e+567
7.630000e-02	1.363357e+00	1.363224e+00	1.000000e+00	-1.561431e+568
7.640000e-02	1.362762e+00	1.362629e+00	1.000000e+00	1.122684e+569
7.650000e-02	1.362168e+00	1.362035e+00	1.000000e+00	-8.076567e+569
7.660000e-02	1.361575e+00	1.361441e+00	1.000000e+00	5.813403e+570
7.670000e-02	1.360982e+00	1.360849e+00	1.000000e+00	-4.186665e+571
7.680000e-02	1.360390e+00	1.360256e+00	1.000000e+00	3.016755e+572
7.690000e-02	1.359799e+00	1.359665e+00	1.000000e+00	-2.174933e+573
7.700000e-02	1.359208e+00	1.359074e+00	1.000000e+00	1.568864e+574
7.710000e-02	1.358618e+00	1.358484e+00	1.000000e+00	-1.132291e+575
7.720000e-02	1.358029e+00	1.357895e+00	1.000000e+00	8.176445e+575
7.730000e-02	1.357440e+00	1.357306e+00	1.000000e+00	-5.907504e+576
7.740000e-02	1.356852e+00	1.356718e+00	1.000000e+00	4.270479e+577
7.750000e-02	1.356265e+00	1.356130e+00	1.000000e+00	-3.088745e+578
7.760000e-02	1.355678e+00	1.355544e+00	1.000000e+00	2.235219e+579
7.770000e-02	1.355092e+00	1.354958e+00	1.000000e+00	-1.618418e+580
7.780000e-02	1.354507e+00	1.354372e+00	1.000000e+00	1.172448e+581
7.790000e-02	1.353923e+00	1.353788e+00	1.000000e+00	-8.498238e+581
7.800000e-02	1.353339e+00	1.353204e+00	1.000000e+00	6.163056e+582
7.810000e-02	1.352756e+00	1.352621e+00	1.000000e+00	-4.471932e+583
7.820000e-02	1.352173e+00	1.352038e+00	1.000000e+00	3.246578e+584
7.830000e-02	1.351592e+00	1.351456e+00	1.000000e+00	-2.358241e+585
7.840000e-02	1.351011e+00	1.350875e+00	1.000000e+00	1.713885e+586
7.850000e-02	1.350430e+00	1.350295e+00	1.000000e+00	-1.246254e+587
7.860000e-02	1.349851e+00	1.349715e+00	1.000000e+00	9.066975e+587
7.870000e-02	1.349272e+00	1.349136e+00	1.000000e+00	-6.600078e+588
7.880000e-02	1.348694e+00	1.348558e+00	1.000000e+00	4.806915e+589
7.890000e-02	1.348116e+00	1.347980e+00	1.000000e+00	-3.502792e+590
7.900000e-02	1.347539e+00	1.347403e+00	1.000000e+00	2.553834e+591
7.910000e-02	1.346963e+00	1.346827e+00	1.000000e+00	-1.862950e+592
7.920000e-02	1.346387e+00	1.346251e+00	1.000000e+00	1.359689e+593
7.930000e-02	1.345813e+00	1.345676e+00	1.000000e+00	-9.929057e+593
7.940000e-02	1.345238e+00	1.345102e+00	1.000000e+00	7.254476e+594
7.950000e-02	1.344665e+00	1.344528e+00	1.000000e+00	-5.303147e+595
7.960000e-02	1.344092e+00	1.343955e+00	1.000000e+00	3.878740e+596
7.970000e-02	1.343520e+00	1.343383e+00	1.000000e+00	-2.838421e+597
7.980000e-02	1.342949e+00	1.342812e+00	1.000000e+00	2.078223e+598
7.990000e-02	1.342378e+00	1.342241e+00	1.000000e+00	-1.522426e+599
8.000000e-02	1.341808e+00	1.341671e+00	1.000000e+00	1.115859e+600
8.010000e-02	1.341239e+00	1.341101e+00	1.000000e+00	-8.182963e+600
8.020000e-02	1.340670e+00	1.340532e+00	1.000000e+00	6.003996e+601
8.030000e-02	1.340102e+00	1.339964e+00	1.000000e+00	-4.407562e+602
8.040000e-02	1.339535e+00	1.339397e+00	1.000000e+00	3.237312e+603
8.050000e-02	1.338968e+00	1.338830e+00	1.000000e+00	-2.379023e+604
8.060000e-02	1.338402e+00	1.338264e+00	1.000000e+00	1.749204e+605
8.070000e-02	1.337837e+00	1.337699e+00	1.000000e+00	-1.286796e+606
8.080000e-02	1.337272e+00	1.337134e+00	1.000000e+00	9.471235e+606
8.090000e-02	1.336709e+00	1.336570e+00	1.000000e+00	-6.974783e+607
8.100000e-02	1.336145e+00	1.336007e+00	1.000000e+00	5.139039e+608
8.110000e-02	1.335583e+00	1.335444e+00	1.000000e+00	-3.788437e+609
8.120000e-02	1.335021e+00	1.334882e+00	1.000000e+00	2.794248e+610
8.130000e-02	1.334460e+00	1.334321e+00	1.000000e+00	-2.062037e+611
8.140000e-02	1.333900e+00	1.333761e+00	1.000000e+00	1.522490e+612
8.150000e-02	1.333340e+00	1.333201e+00	1.000000e+00	-1.124705e+613
8.160000e-02	1.332781e+00	1.332642e+00	1.000000e+00	8.312837e+613
8.170000e-02	1.332222e+00	1.332083e+00	1.000000e+00	-6.147318e+614
8.180000e-02	1.331665e+00	1.331525e+00	1.000000e+00	4.548288e+615
8.190000e-02	1.331108e+00	1.330968e+00	1.000000e+00	-3.366944e+616
8.200000e-02	1.330551e+00	1.330412e+00	1.000000e+00	2.493730e+617
8.210000e-02	1.329996e+00	1.329856e+00	1.000000e+00	-1.847941e+618
8.220000e-02	1.329441e+00	1.329301e+00	1.000000e+00	1.370100e+619
8.230000e-02	1.328886e+00	1.328746e+00	1.000000e+00	-1.016345e+620
8.240000e-02	1.328333e+00	1.328193e+00	1.000000e+00	7.543190e+620
8.250000e-02	1.327780e+00	1.327640e+00	1.000000e+00	-5.601362e+621
8.260000e-02	1.327227e+00	1.327087e+00	1.000000e+00	4.161566e+622
8.270000e-02	1.326676e+00	1.326535e+00	1.000000e+00	-3.093459e+623
8.280000e-02	1.326125e+00	1.325984e+00	1.000000e+00	2.300680e+624
8.290000e-02	1.325575e+00	1.325434e+00	1.000000e+00	-1.711954e+625
8.300000e-02	1.325025e+00	1.324884e+00	1.000000e+00	1.274535e+626
8.310000e-02	1.324476e+00	1.324336e+00	1.000000e+00	-9.493700e+626
8.320000e-02	1.323928e+00	1.323787e+00	1.000000e+00	7.075265e+627
8.330000e-02	1.323381e+00	1.323240e+00	1.000000e+00	-5.275619e+628
8.340000e-02	1.322834e+00	1.322693e+00	1.000000e+00	3.935749e+629
8.350000e-02	1.322288e+00	1.322146e+00	1.000000e+00	-2.937680e+630
8.360000e-02	1.321742e+00	1.321601e+00	1.000000e+00	2.193838e+631
8.370000e-02	1.321197e+00	1.321056e+00	1.000000e+00	-1.639184e+632
8.380000e-02	1.320653e+00	1.320512e+00	1.000000e+00	1.225387e+633
8.390000e-02	1.320110e+00	1.319968e+00	1.000000e+00	-9.165188e+633
8.400000e-02	1.319567e+00	1.319425e+00	1.000000e+00	6.858544e+634
8.410000e-02	1.319025e+00	1.318883e+00	1.000000e+00	-5.135050e+635
8.420000e-02	1.318483e+00	1.318342e+00	1.000000e+00	3.846622e+636
8.430000e-02	1.317943e+00	1.317801e+00	1.000000e+00	-2.882944e+637
8.440000e-02	1.317403e+00	1.317261e+00	1.000000e+00	2.161796e+638
8.450000e-02	1.316863e+00	1.316721e+00	1.000000e+00	-1.621865e+639
8.460000e-02	1.316324e+00	1.316182e+00	1.000000e+00	1.217408e+640
8.470000e-02	1.315786e+00	1.315644e+00	1.000000e+00	-9.142798e+640
8.480000e-02	1.315249e+00	1.315107e+00	1.000000e+00	6.869784e+641
8.490000e-02	1.314712e+00	1.314570e+00	1.000000e+00	-5.164497e+642
8.500000e-02	1.314176e+00	1.314034e+00	1.000000e+00	3.884488e+643
8.510000e-02	1.313641e+00	1.313498e+00	1.000000e+00	-2.923212e+644
8.520000e-02	1.313106e+00	1.312963e+00	1.000000e+00	2.200935e+645
8.530000e-02	1.312572e+00	1.312429e+00	1.000000e+00	-1.657962e+646
8.540000e-02	1.312039e+00	1.311896e+00	1.000000e+00	1.249575e+647
8.550000e-02	1.311506e+00	1.311363e+00	1.000000e+00	-9.422579e+647
8.560000e-02	1.310974e+00	1.310831e+00	1.000000e+00	7.108817e+648
8.570000e-02	1.310443e+00	1.310300e+00	1.000000e+00	-5.365926e+649
8.580000e-02	1.309912e+00	1.309769e+00	1.000000e+00	4.052394e+650
8.590000e-02	1.309382e+00	1.309239e+00	1.000000e+00	-3.061949e+651
8.600000e-02	1.308853e+00	1.308709e+00	1.000000e+00	2.314748e+652
8.610000e-02	1.308324e+00	1.308181e+00	1.000000e+00	-1.750768e+653
8.620000e-02	1.307796e+00	1.307653e+00	1.000000e+00	1.324868e+654
8.630000e-02	1.307269e+00	1.307125e+00	1.000000e+00	-1.003079e+655
8.640000e-02	1.306742e+00	1.306599e+00	1.000000e+00	7.598304e+655
8.650000e-02	1.306216e+00	1.306073e+00	1.000000e+00	-5.758597e+656
8.660000e-02	1.305691e+00	1.305547e+00	1.000000e+00	4.366516e+657
8.670000e-02	1.305167e+00	1.305022e+00	1.000000e+00	-3.312621e+658
8.680000e-02	1.304643e+00	1.304498e+00	1.000000e+00	2.514355e+659
8.690000e-02	1.304119e+00	1.303975e+00	1.000000e+00	-1.909410e+660
8.700000e-02	1.303597e+00	1.303452e+00	1.000000e+00	1.450741e+661
8.710000e-02	1.303075e+00	1.302930e+00	1.000000e+00	-1.102803e+662
8.720000e-02	1.302553e+00	1.302409e+00	1.000000e+00	8.387331e+662
8.730000e-02	1.302033e+00	1.301888e+00	1.000000e+00	-6.382148e+663
8.740000e-02	1.301513e+00	1.301368e+00	1.000000e+00	4.858779e+664
8.750000e-02	1.300994e+00	1.300849e+00	1.000000e+00	-3.700876e+665
8.760000e-02	1.300475e+00	1.300330e+00	1.000000e+00	2.820323e+666
8.770000e-02	1.299957e+00	1.299812e+00	1.000000e+00	-2.150353e+667
8.780000e-02	1.299440e+00	1.299295e+00	1.000000e+00	1.640354e+668
8.790000e-02	1.298923e+00	1.298778e+00	1.000000e+00	-1.251935e+669
8.800000e-02	1.298407e+00	1.298262e+00	1.000000e+00	9.559652e+669
8.810000e-02	1.297892e+00	1.297747e+00	1.000000e+00	-7.303293e+670
8.820000e-02	1.297377e+00	1.297232e+00	1.000000e+00	5.582277e+671
8.830000e-02	1.296863e+00	1.296718e+00	1.000000e+00	-4.268939e+672
8.840000e-02	1.296350e+00	1.296204e+00	1.000000e+00	3.266211e+673
8.850000e-02	1.295837e+00	1.295692e+00	1.000000e+00	-2.500254e+674
8.860000e-02	1.295325e+00	1.295180e+00	1.000000e+00	1.914871e+675
8.870000e-02	1.294814e+00	1.294668e+00	1.000000e+00	-1.467270e+676
8.880000e-02	1.294303e+00	1.294157e+00	1.000000e+00	1.124853e+677
8.890000e-02	1.293793e+00	1.293647e+00	1.000000e+00	-8.627731e+677
8.900000e-02	1.293284e+00	1.293138e+00	1.000000e+00	6.620827e+678
8.910000e-02	1.292775e+00	1.292629e+00	1.000000e+00	-5.083263e+679
8.920000e-02	1.292267e+00	1.292121e+00	1.000000e+00	3.904698e+680
8.930000e-02	1.291760e+00	1.291614e+00	1.000000e+00	-3.000868e+681
8.940000e-02	1.291253e+00	1.291107e+00	1.000000e+00	2.307387e+682
8.950000e-02	1.290747e+00	1.290601e+00	1.000000e+00	-1.775040e+683
8.960000e-02	1.290242e+00	1.290095e+00	1.000000e+00	1.366186e+684
8.970000e-02	1.289737e+00	1.289591e+00	1.000000e+00	-1.052024e+685
8.980000e-02	1.289233e+00	1.289086e+00	1.000000e+00	8.105032e+685
8.990000e-02	1.288730e+00	1.288583e+00	1.000000e+00	-6.247375e+686
9.000000e-02	1.288227e+00	1.288080e+00	1.000000e+00	4.817856e+687
9.010000e-02	1.287725e+00	1.287578e+00	1.000000e+00	-3.717263e+688
9.020000e-02	1.287223e+00	1.287076e+00	1.000000e+00	2.869498e+689
9.030000e-02	1.286723e+00	1.286576e+00	1.000000e+00	-2.216162e+690
9.040000e-02	1.286222e+00	1.286075e+00	1.000000e+00	1.712419e+691
9.050000e-02	1.285723e+00	1.285576e+00	1.000000e+00	-1.323826e+692
9.060000e-02	1.285224e+00	1.285077e+00	1.000000e+00	1.023917e+693
9.070000e-02	1.284726e+00	1.284579e+00	1.000000e+00	-7.923386e+693
9.080000e-02	1.284229e+00	1.284081e+00	1.000000e+00	6.134359e+694
9.090000e-02	1.283732e+00	1.283584e+00	1.000000e+00	-4.751597e+695
9.100000e-02	1.283236e+00	1.283088e+00	1.000000e+00	3.682325e+696
9.110000e-02	1.282740e+00	1.282593e+00	1.000000e+00	-2.855067e+697
9.120000e-02	1.282245e+00	1.282098e+00	1.000000e+00	2.214738e+698
9.130000e-02	1.281751e+00	1.281603e+00	1.000000e+00	-1.718857e+699
9.140000e-02	1.281257e+00	1.281110e+00	1.000000e+00	1.334654e+700
9.150000e-02	1.280764e+00	1.280617e+00	1.000000e+00	-1.036833e+701
9.160000e-02	1.280272e+00	1.280124e+00	1.000000e+00	8.058612e+701
9.170000e-02	1.279781e+00	1.279633e+00	1.000000e+00	-6.266464e+702
9.180000e-02	1.279290e+00	1.279142e+00	1.000000e+00	4.875237e+703
9.190000e-02	1.278799e+00	1.278651e+00	1.000000e+00	-3.794719e+704
9.200000e-02	1.278310e+00	1.278162e+00	1.000000e+00	2.955112e+705
9.210000e-02	1.277821e+00	1.277672e+00	1.000000e+00	-2.302390e+706
9.220000e-02	1.277332e+00	1.277184e+00	1.000000e+00	1.794709e+707
9.230000e-02	1.276845e+00	1.276696e+00	1.000000e+00	-1.399649e+708
9.240000e-02	1.276357e+00	1.276209e+00	1.000000e+00	1.092080e+709
9.250000e-02	1.275871e+00	1.275723e+00	1.000000e+00	-8.525103e+709
9.260000e-02	1.275385e+00	1.275237e+00	1.000000e+00	6.658164e+710
9.270000e-02	1.274900e+00	1.274752e+00	1.000000e+00	-5.202582e+711
9.280000e-02	1.274416e+00	1.274267e+00	1.000000e+00	4.067175e+712
9.290000e-02	1.273932e+00	1.273783e+00	1.000000e+00	-3.181090e+713
9.300000e-02	1.273449e+00	1.273300e+00	1.000000e+00	2.489249e+714
9.310000e-02	1.272966e+00	1.272817e+00	1.000000e+00	-1.948811e+715
9.320000e-02	1.272484e+00	1.272335e+00	1.000000e+00	1.526441e+716
9.330000e-02	1.272003e+00	1.271854e+00	1.000000e+00	-1.196187e+717
9.340000e-02	1.271522e+00	1.271374e+00	1.000000e+00	9.378353e+717
9.350000e-02	1.271043e+00	1.270894e+00	1.000000e+00	-7.356355e+718
9.360000e-02	1.270563e+00	1.270414e+00	1.000000e+00	5.773073e+719
9.370000e-02	1.270085e+00	1.269935e+00	1.000000e+00	-4.532728e+720
9.380000e-02	1.269607e+00	1.269457e+00	1.000000e+00	3.560577e+721
9.390000e-02	1.269129e+00	1.268980e+00	1.000000e+00	-2.798266e+722
9.400000e-02	1.268652e+00	1.268503e+00	1.000000e+00	2.200216e+723
9.410000e-02	1.268176e+00	1.268027e+00	1.000000e+00	-1.730810e+724
9.420000e-02	1.267701e+00	1.267552e+00	1.000000e+00	1.362200e+725
9.430000e-02	1.267226e+00	1.267077e+00	1.000000e+00	-1.072605e+726
9.440000e-02	1.266752e+00	1.266602e+00	1.000000e+00	8.449790e+726
9.450000e-02	1.266278e+00	1.266129e+00	1.000000e+00	-6.659769e+727
9.460000e-02	1.265806e+00	1.265656e+00	1.000000e+00	5.251451e+728
9.470000e-02	1.265333e+00	1.265184e+00	1.000000e+00	-4.142918e+729
9.480000e-02	1.264862e+00	1.264712e+00	1.000000e+00	3.269942e+730
9.490000e-02	1.264391e+00	1.264241e+00	1.000000e+00	-2.582143e+731
9.500000e-02	1.263921e+00	1.263771e+00	1.000000e+00	2.039985e+732
9.510000e-02	1.263451e+00	1.263301e+00	1.000000e+00	-1.612427e+733
9.520000e-02	1.262982e+00	1.262832e+00	1.000000e+00	1.275085e+734
9.530000e-02	1.262513e+00	1.262363e+00	1.000000e+00	-1.008798e+735
9.540000e-02	1.262046e+00	1.261896e+00	1.000000e+00	7.985004e+735
9.550000e-02	1.261579e+00	1.261428e+00	1.000000e+00	-6.323417e+736
9.560000e-02	1.261112e+00	1.260962e+00	1.000000e+00	5.009959e+737
9.570000e-02	1.260646e+00	1.260496e+00	1.000000e+00	-3.971202e+738
9.580000e-02	1.260181e+00	1.260031e+00	1.000000e+00	3.149308e+739
9.590000e-02	1.259716e+00	1.259566e+00	1.000000e+00	-2.498696e+740
9.600000e-02	1.259252e+00	1.259102e+00	1.000000e+00	1.983430e+741
9.610000e-02	1.258789e+00	1.258639e+00	1.000000e+00	-1.575162e+742
9.620000e-02	1.258326e+00	1.258176e+00	1.000000e+00	1.251521e+743
9.630000e-02	1.257864e+00	1.257714e+00	1.000000e+00	-9.948465e+743
9.640000e-02	1.257403e+00	1.257252e+00	1.000000e+00	7.911856e+744
9.650000e-02	1.256942e+00	1.256792e+00	1.000000e+00	-6.295136e+745
9.660000e-02	1.256482e+00	1.256331e+00	1.000000e+00	5.011135e+746
9.670000e-02	1.256023e+00	1.255872e+00	1.000000e+00	-3.990903e+747
9.680000e-02	1.255564e+00	1.255413e+00	1.000000e+00	3.179877e+748
9.690000e-02	1.255105e+00	1.254955e+00	1.000000e+00	-2.534856e+749
9.700000e-02	1.254648e+00	1.254497e+00	1.000000e+00	2.021622e+750
9.710000e-02	1.254191e+00	1.254040e+00	1.000000e+00	-1.613059e+751
9.720000e-02	1.253735e+00	1.253584e+00	1.000000e+00	1.287668e+752
9.730000e-02	1.253279e+00	1.253128e+00	1.000000e+00	-1.028398e+753
9.740000e-02	1.252824e+00	1.252673e+00	1.000000e+00	8.217154e+753
9.750000e-02	1.252369e+00	1.252218e+00	1.000000e+00	-6.568782e+754
9.760000e-02	1.251915e+00	1.251764e+00	1.000000e+00	5.253529e+755
9.770000e-02	1.251462e+00	1.251311e+00	1.000000e+00	-4.203589e+756
9.780000e-02	1.251010e+00	1.250858e+00	1.000000e+00	3.365054e+757
9.790000e-02	1.250558e+00	1.250406e+00	1.000000e+00	-2.695047e+758
9.800000e-02	1.250106e+00	1.249955e+00	1.000000e+00	2.159450e+759
9.810000e-02	1.249656e+00	1.249504e+00	1.000000e+00	-1.731100e+760
9.820000e-02	1.249206e+00	1.249054e+00	1.000000e+00	1.388364e+761
9.830000e-02	1.248756e+00	1.248605e+00	1.000000e+00	-1.114003e+762
9.840000e-02	1.248307e+00	1.248156e+00	1.000000e+00	8.942760e+762
9.850000e-02	1.247859e+00	1.247708e+00	1.000000e+00	-7.182215e+763
9.860000e-02	1.247412e+00	1.247260e+00	1.000000e+00	5.770944e+764
9.870000e-02	1.246965e+00	1.246813e+00	1.000000e+00	-4.639133e+765
9.880000e-02	1.246518e+00	1.246367e+00	1.000000e+00	3.731025e+766
9.890000e-02	1.246073e+00	1.245921e+00	1.000000e+00	-3.002069e+767
9.900000e-02	1.245627e+00	1.245476e+00	1.000000e+00	2.416654e+768
9.910000e-02	1.245183e+00	1.245031e+00	1.000000e+00	-1.946297e+769
9.920000e-02	1.244739e+00	1.244587e+00	1.000000e+00	1.568211e+770
9.930000e-02	1.244296e+00	1.244144e+00	1.000000e+00	-1.264156e+771
9.940000e-02	1.243853e+00	1.243702e+00	1.000000e+00	1.019524e+772
9.950000e-02	1.243411e+00	1.243260e+00	1.000000e+00	-8.226116e+772
9.960000e-02	1.242970e+00	1.242818e+00	1.000000e+00	6.640372e+773
9.970000e-02	1.242529e+00	1.242377e+00	1.000000e+00	-5.362783e+774
9.980000e-02	1.242089e+00	1.241937e+00	1.000000e+00	4.332994e+775
9.990000e-02	1.241650e+00	1.241498e+00	1.000000e+00	-3.502563e+776
1.000000e-01	1.241211e+00	1.241059e+00	1.000000e+00	2.832589e+777
