1.000000e-04	1.999000e+00	1.999000e+00
2.000000e-04	1.998000e+00	1.998000e+00
3.000000e-04	1.997000e+00	1.997001e+00
4.000000e-04	1.996001e+00	1.996001e+00
5.000000e-04	1.995001e+00	1.995002e+00
6.000000e-04	1.994002e+00	1.994002e+00
7.000000e-04	1.993003e+00	1.993003e+00
8.000000e-04	1.992003e+00	1.992004e+00
9.000000e-04	1.991004e+00	1.991005e+00
1.000000e-03	1.990005e+00	1.990006e+00
1.100000e-03	1.989006e+00	1.989007e+00
1.200000e-03	1.988008e+00	1.988008e+00
1.300000e-03	1.987009e+00	1.987010e+00
1.400000e-03	1.986011e+00	1.986011e+00
1.500000e-03	1.985012e+00	1.985013e+00
1.600000e-03	1.984014e+00	1.984015e+00
1.700000e-03	1.983016e+00	1.983017e+00
1.800000e-03	1.982018e+00	1.982019e+00
1.900000e-03	1.981020e+00	1.981021e+00
2.000000e-03	1.980022e+00	1.980024e+00
2.100000e-03	1.979025e+00	1.979026e+00
2.200000e-03	1.978028e+00	1.978029e+00
2.300000e-03	1.977030e+00	1.977032e+00
2.400000e-03	1.976033e+00	1.976035e+00
2.500000e-03	1.975036e+00	1.975038e+00
2.600000e-03	1.974039e+00	1.974041e+00
2.700000e-03	1.973043e+00	1.973044e+00
2.800000e-03	1.972046e+00	1.972048e+00
2.900000e-03	1.971050e+00	1.971051e+00
3.000000e-03	1.970053e+00	1.970055e+00
3.100000e-03	1.969057e+00	1.969059e+00
3.200000e-03	1.968061e+00	1.968063e+00
3.300000e-03	1.967066e+00	1.967068e+00
3.400000e-03	1.966070e+00	1.966072e+00
3.500000e-03	1.965075e+00	1.965077e+00
3.600000e-03	1.964079e+00	1.964082e+00
3.700000e-03	1.963084e+00	1.963087e+00
3.800000e-03	1.962089e+00	1.962092e+00
3.900000e-03	1.961094e+00	1.961097e+00
4.000000e-03	1.960100e+00	1.960102e+00
4.100000e-03	1.959105e+00	1.959108e+00
4.200000e-03	1.958111e+00	1.958114e+00
4.300000e-03	1.957117e+00	1.957120e+00
4.400000e-03	1.956123e+00	1.956126e+00
4.500000e-03	1.955129e+00	1.955132e+00
4.600000e-03	1.954136e+00	1.954139e+00
4.700000e-03	1.953142e+00	1.953146e+00
4.800000e-03	1.952149e+00	1.952153e+00
4.900000e-03	1.951156e+00	1.951160e+00
5.000000e-03	1.950163e+00	1.950167e+00
5.100000e-03	1.949171e+00	1.949174e+00
5.200000e-03	1.948178e+00	1.948182e+00
5.300000e-03	1.947186e+00	1.947190e+00
5.400000e-03	1.946194e+00	1.946198e+00
5.500000e-03	1.945202e+00	1.945206e+00
5.600000e-03	1.944211e+00	1.944215e+00
5.700000e-03	1.943219e+00	1.943223e+00
5.800000e-03	1.942228e+00	1.942232e+00
5.900000e-03	1.941237e+00	1.941241e+00
6.000000e-03	1.940246e+00	1.940251e+00
6.100000e-03	1.939256e+00	1.939260e+00
6.200000e-03	1.938265e+00	1.938270e+00
6.300000e-03	1.937275e+00	1.937280e+00
6.400000e-03	1.936285e+00	1.936290e+00
6.500000e-03	1.935295e+00	1.935300e+00
6.600000e-03	1.934306e+00	1.934311e+00
6.700000e-03	1.933316e+00	1.933322e+00
6.800000e-03	1.932327e+00	1.932333e+00
6.900000e-03	1.931338e+00	1.931344e+00
7.000000e-03	1.930350e+00	1.930355e+00
7.100000e-03	1.929361e+00	1.929367e+00
7.200000e-03	1.928373e+00	1.928379e+00
7.300000e-03	1.927385e+00	1.927391e+00
7.400000e-03	1.926397e+00	1.926403e+00
7.500000e-03	1.925410e+00	1.925416e+00
7.600000e-03	1.924422e+00	1.924429e+00
7.700000e-03	1.923435e+00	1.923442e+00
7.800000e-03	1.922449e+00	1.922455e+00
7.900000e-03	1.921462e+00	1.921469e+00
8.000000e-03	1.920476e+00	1.920482e+00
8.100000e-03	1.919490e+00	1.919496e+00
8.200000e-03	1.918504e+00	1.918511e+00
8.300000e-03	1.917518e+00	1.917525e+00
8.400000e-03	1.916533e+00	1.916540e+00
8.500000e-03	1.915548e+00	1.915555e+00
8.600000e-03	1.914563e+00	1.914570e+00
8.700000e-03	1.913578e+00	1.913586e+00
8.800000e-03	1.912594e+00	1.912601e+00
8.900000e-03	1.911610e+00	1.911617e+00
9.000000e-03	1.910626e+00	1.910634e+00
9.100000e-03	1.909642e+00	1.909650e+00
9.200000e-03	1.908659e+00	1.908667e+00
9.300000e-03	1.907676e+00	1.907684e+00
9.400000e-03	1.906693e+00	1.906701e+00
9.500000e-03	1.905710e+00	1.905719e+00
9.600000e-03	1.904728e+00	1.904737e+00
9.700000e-03	1.903746e+00	1.903755e+00
9.800000e-03	1.902764e+00	1.902773e+00
9.900000e-03	1.901783e+00	1.901792e+00
1.000000e-02	1.900802e+00	1.900811e+00
1.010000e-02	1.899821e+00	1.899830e+00
1.020000e-02	1.898840e+00	1.898849e+00
1.030000e-02	1.897860e+00	1.897869e+00
1.040000e-02	1.896880e+00	1.896889e+00
1.050000e-02	1.895900e+00	1.895909e+00
1.060000e-02	1.894920e+00	1.894930e+00
1.070000e-02	1.893941e+00	1.893951e+00
1.080000e-02	1.892962e+00	1.892972e+00
1.090000e-02	1.891983e+00	1.891993e+00
1.100000e-02	1.891005e+00	1.891015e+00
1.110000e-02	1.890027e+00	1.890037e+00
1.120000e-02	1.889049e+00	1.889060e+00
1.130000e-02	1.888071e+00	1.888082e+00
1.140000e-02	1.887094e+00	1.887105e+00
1.150000e-02	1.886117e+00	1.886128e+00
1.160000e-02	1.885141e+00	1.885152e+00
1.170000e-02	1.884164e+00	1.884176e+00
1.180000e-02	1.883188e+00	1.883200e+00
1.190000e-02	1.882212e+00	1.882224e+00
1.200000e-02	1.881237e+00	1.881249e+00
1.210000e-02	1.880262e+00	1.880274e+00
1.220000e-02	1.879287e+00	1.879299e+00
1.230000e-02	1.878313e+00	1.878325e+00
1.240000e-02	1.877338e+00	1.877351e+00
1.250000e-02	1.876364e+00	1.876377e+00
1.260000e-02	1.875391e+00	1.875403e+00
1.270000e-02	1.874418e+00	1.874430e+00
1.280000e-02	1.873445e+00	1.873458e+00
1.290000e-02	1.872472e+00	1.872485e+00
1.300000e-02	1.871500e+00	1.871513e+00
1.310000e-02	1.870528e+00	1.870541e+00
1.320000e-02	1.869556e+00	1.869570e+00
1.330000e-02	1.868585e+00	1.868598e+00
1.340000e-02	1.867614e+00	1.867627e+00
1.350000e-02	1.866643e+00	1.866657e+00
1.360000e-02	1.865673e+00	1.865687e+00
1.370000e-02	1.864703e+00	1.864717e+00
1.380000e-02	1.863733e+00	1.863747e+00
1.390000e-02	1.862763e+00	1.862778e+00
1.400000e-02	1.861794e+00	1.861809e+00
1.410000e-02	1.860826e+00	1.860840e+00
1.420000e-02	1.859857e+00	1.859872e+00
1.430000e-02	1.858889e+00	1.858904e+00
1.440000e-02	1.857922e+00	1.857937e+00
1.450000e-02	1.856954e+00	1.856970e+00
1.460000e-02	1.855987e+00	1.856003e+00
1.470000e-02	1.855021e+00	1.855036e+00
1.480000e-02	1.854054e+00	1.854070e+00
1.490000e-02	1.853088e+00	1.853104e+00
1.500000e-02	1.852123e+00	1.852139e+00
1.510000e-02	1.851157e+00	1.851174e+00
1.520000e-02	1.850192e+00	1.850209e+00
1.530000e-02	1.849228e+00	1.849244e+00
1.540000e-02	1.848264e+00	1.848280e+00
1.550000e-02	1.847300e+00	1.847317e+00
1.560000e-02	1.846336e+00	1.846353e+00
1.570000e-02	1.845373e+00	1.845390e+00
1.580000e-02	1.844410e+00	1.844428e+00
1.590000e-02	1.843448e+00	1.843465e+00
1.600000e-02	1.842486e+00	1.842503e+00
1.610000e-02	1.841524e+00	1.841542e+00
1.620000e-02	1.840563e+00	1.840581e+00
1.630000e-02	1.839602e+00	1.839620e+00
1.640000e-02	1.838641e+00	1.838659e+00
1.650000e-02	1.837681e+00	1.837699e+00
1.660000e-02	1.836721e+00	1.836740e+00
1.670000e-02	1.835761e+00	1.835780e+00
1.680000e-02	1.834802e+00	1.834821e+00
1.690000e-02	1.833844e+00	1.833863e+00
1.700000e-02	1.832885e+00	1.832905e+00
1.710000e-02	1.831927e+00	1.831947e+00
1.720000e-02	1.830970e+00	1.830989e+00
1.730000e-02	1.830012e+00	1.830032e+00
1.740000e-02	1.829055e+00	1.829076e+00
1.750000e-02	1.828099e+00	1.828119e+00
1.760000e-02	1.827143e+00	1.827163e+00
1.770000e-02	1.826187e+00	1.826208e+00
1.780000e-02	1.825232e+00	1.825253e+00
1.790000e-02	1.824277e+00	1.824298e+00
1.800000e-02	1.823322e+00	1.823344e+00
1.810000e-02	1.822368e+00	1.822390e+00
1.820000e-02	1.821415e+00	1.821436e+00
1.830000e-02	1.820461e+00	1.820483e+00
1.840000e-02	1.819508e+00	1.819530e+00
1.850000e-02	1.818556e+00	1.818578e+00
1.860000e-02	1.817603e+00	1.817626e+00
1.870000e-02	1.816652e+00	1.816674e+00
1.880000e-02	1.815700e+00	1.815723e+00
1.890000e-02	1.814749e+00	1.814772e+00
1.900000e-02	1.813799e+00	1.813822e+00
1.910000e-02	1.812849e+00	1.812872e+00
1.920000e-02	1.811899e+00	1.811922e+00
1.930000e-02	1.810950e+00	1.810973e+00
1.940000e-02	1.810001e+00	1.810024e+00
1.950000e-02	1.809052e+00	1.809076e+00
1.960000e-02	1.808104e+00	1.808128e+00
1.970000e-02	1.807156e+00	1.807180e+00
1.980000e-02	1.806209e+00	1.806233e+00
1.990000e-02	1.805262e+00	1.805286e+00
2.000000e-02	1.804316e+00	1.804340e+00
2.010000e-02	1.803370e+00	1.803394e+00
2.020000e-02	1.802424e+00	1.802449e+00
2.030000e-02	1.801479e+00	1.801504e+00
2.040000e-02	1.800534e+00	1.800559e+00
2.050000e-02	1.799590e+00	1.799615e+00
2.060000e-02	1.798646e+00	1.798671e+00
2.070000e-02	1.797702e+00	1.797728e+00
2.080000e-02	1.796759e+00	1.796785e+00
2.090000e-02	1.795816e+00	1.795843e+00
2.100000e-02	1.794874e+00	1.794901e+00
2.110000e-02	1.793932e+00	1.793959e+00
2.120000e-02	1.792991e+00	1.793018e+00
2.130000e-02	1.792050e+00	1.792077e+00
2.140000e-02	1.791110e+00	1.791137e+00
2.150000e-02	1.790169e+00	1.790197e+00
2.160000e-02	1.789230e+00	1.789257e+00
2.170000e-02	1.788291e+00	1.788318e+00
2.180000e-02	1.787352e+00	1.787380e+00
2.190000e-02	1.786414e+00	1.786442e+00
2.200000e-02	1.785476e+00	1.785504e+00
2.210000e-02	1.784538e+00	1.784567e+00
2.220000e-02	1.783601e+00	1.783630e+00
2.230000e-02	1.782665e+00	1.782694e+00
2.240000e-02	1.781729e+00	1.781758e+00
2.250000e-02	1.780793e+00	1.780822e+00
2.260000e-02	1.779858e+00	1.779887e+00
2.270000e-02	1.778923e+00	1.778953e+00
2.280000e-02	1.777989e+00	1.778019e+00
2.290000e-02	1.777055e+00	1.777085e+00
2.300000e-02	1.776122e+00	1.776152e+00
2.310000e-02	1.775189e+00	1.775219e+00
2.320000e-02	1.774256e+00	1.774287e+00
2.330000e-02	1.773324e+00	1.773355e+00
2.340000e-02	1.772393e+00	1.772423e+00
2.350000e-02	1.771461e+00	1.771493e+00
2.360000e-02	1.770531e+00	1.770562e+00
2.370000e-02	1.769601e+00	1.769632e+00
2.380000e-02	1.768671e+00	1.768703e+00
2.390000e-02	1.767742e+00	1.767773e+00
2.400000e-02	1.766813e+00	1.766845e+00
2.410000e-02	1.765884e+00	1.765917e+00
2.420000e-02	1.764957e+00	1.764989e+00
2.430000e-02	1.764029e+00	1.764062e+00
2.440000e-02	1.763102e+00	1.763135e+00
2.450000e-02	1.762176e+00	1.762209e+00
2.460000e-02	1.761250e+00	1.761283e+00
2.470000e-02	1.760324e+00	1.760358e+00
2.480000e-02	1.759399e+00	1.759433e+00
2.490000e-02	1.758475e+00	1.758509e+00
2.500000e-02	1.757551e+00	1.757585e+00
2.510000e-02	1.756627e+00	1.756661e+00
2.520000e-02	1.755704e+00	1.755738e+00
2.530000e-02	1.754781e+00	1.754816e+00
2.540000e-02	1.753859e+00	1.753894e+00
2.550000e-02	1.752937e+00	1.752972e+00
2.560000e-02	1.752016e+00	1.752051e+00
2.570000e-02	1.751096e+00	1.751131e+00
2.580000e-02	1.750175e+00	1.750211e+00
2.590000e-02	1.749256e+00	1.749291e+00
2.600000e-02	1.748336e+00	1.748372e+00
2.610000e-02	1.747418e+00	1.747454e+00
2.620000e-02	1.746499e+00	1.746536e+00
2.630000e-02	1.745581e+00	1.745618e+00
2.640000e-02	1.744664e+00	1.744701e+00
2.650000e-02	1.743747e+00	1.743784e+00
2.660000e-02	1.742831e+00	1.742868e+00
2.670000e-02	1.741915e+00	1.741953e+00
2.680000e-02	1.741000e+00	1.741038e+00
2.690000e-02	1.740085e+00	1.740123e+00
2.700000e-02	1.739171e+00	1.739209e+00
2.710000e-02	1.738257e+00	1.738295e+00
2.720000e-02	1.737344e+00	1.737382e+00
2.730000e-02	1.736431e+00	1.736470e+00
2.740000e-02	1.735519e+00	1.735557e+00
2.750000e-02	1.734607e+00	1.734646e+00
2.760000e-02	1.733695e+00	1.733735e+00
2.770000e-02	1.732785e+00	1.732824e+00
2.780000e-02	1.731874e+00	1.731914e+00
2.790000e-02	1.730965e+00	1.731004e+00
2.800000e-02	1.730055e+00	1.730095e+00
2.810000e-02	1.729147e+00	1.729187e+00
2.820000e-02	1.728238e+00	1.728279e+00
2.830000e-02	1.727331e+00	1.727371e+00
2.840000e-02	1.726423e+00	1.726464e+00
2.850000e-02	1.725517e+00	1.725558e+00
2.860000e-02	1.724610e+00	1.724652e+00
2.870000e-02	1.723705e+00	1.723746e+00
2.880000e-02	1.722800e+00	1.722841e+00
2.890000e-02	1.721895e+00	1.721937e+00
2.900000e-02	1.720991e+00	1.721033e+00
2.910000e-02	1.720087e+00	1.720130e+00
2.920000e-02	1.719184e+00	1.719227e+00
2.930000e-02	1.718282e+00	1.718324e+00
2.940000e-02	1.717380e+00	1.717423e+00
2.950000e-02	1.716478e+00	1.716521e+00
2.960000e-02	1.715577e+00	1.715620e+00
2.970000e-02	1.714677e+00	1.714720e+00
2.980000e-02	1.713777e+00	1.713820e+00
2.990000e-02	1.712877e+00	1.712921e+00
3.000000e-02	1.711978e+00	1.712023e+00
3.010000e-02	1.711080e+00	1.711124e+00
3.020000e-02	1.710182e+00	1.710227e+00
3.030000e-02	1.709285e+00	1.709330e+00
3.040000e-02	1.708388e+00	1.708433e+00
3.050000e-02	1.707492e+00	1.707537e+00
3.060000e-02	1.706596e+00	1.706642e+00
3.070000e-02	1.705701e+00	1.705747e+00
3.080000e-02	1.704806e+00	1.704852e+00
3.090000e-02	1.703912e+00	1.703959e+00
3.100000e-02	1.703019e+00	1.703065e+00
3.110000e-02	1.702126e+00	1.702172e+00
3.120000e-02	1.701233e+00	1.701280e+00
3.130000e-02	1.700342e+00	1.700388e+00
3.140000e-02	1.699450e+00	1.699497e+00
3.150000e-02	1.698559e+00	1.698607e+00
3.160000e-02	1.697669e+00	1.697717e+00
3.170000e-02	1.696779e+00	1.696827e+00
3.180000e-02	1.695890e+00	1.695938e+00
3.190000e-02	1.695001e+00	1.695050e+00
3.200000e-02	1.694113e+00	1.694162e+00
3.210000e-02	1.693226e+00	1.693275e+00
3.220000e-02	1.692339e+00	1.692388e+00
3.230000e-02	1.691452e+00	1.691501e+00
3.240000e-02	1.690567e+00	1.690616e+00
3.250000e-02	1.689681e+00	1.689731e+00
3.260000e-02	1.688796e+00	1.688846e+00
3.270000e-02	1.687912e+00	1.687962e+00
3.280000e-02	1.687028e+00	1.687079e+00
3.290000e-02	1.686145e+00	1.686196e+00
3.300000e-02	1.685263e+00	1.685313e+00
3.310000e-02	1.684381e+00	1.684432e+00
3.320000e-02	1.683499e+00	1.683550e+00
3.330000e-02	1.682618e+00	1.682670e+00
3.340000e-02	1.681738e+00	1.681790e+00
3.350000e-02	1.680858e+00	1.680910e+00
3.360000e-02	1.679979e+00	1.680031e+00
3.370000e-02	1.679101e+00	1.679153e+00
3.380000e-02	1.678222e+00	1.678275e+00
3.390000e-02	1.677345e+00	1.677397e+00
3.400000e-02	1.676468e+00	1.676521e+00
3.410000e-02	1.675592e+00	1.675645e+00
3.420000e-02	1.674716e+00	1.674769e+00
3.430000e-02	1.673841e+00	1.673894e+00
3.440000e-02	1.672966e+00	1.673019e+00
3.450000e-02	1.672092e+00	1.672146e+00
3.460000e-02	1.671218e+00	1.671272e+00
3.470000e-02	1.670345e+00	1.670400e+00
3.480000e-02	1.669473e+00	1.669527e+00
3.490000e-02	1.668601e+00	1.668656e+00
3.500000e-02	1.667730e+00	1.667785e+00
3.510000e-02	1.666859e+00	1.666914e+00
3.520000e-02	1.665989e+00	1.666044e+00
3.530000e-02	1.665120e+00	1.665175e+00
3.540000e-02	1.664251e+00	1.664306e+00
3.550000e-02	1.663382e+00	1.663438e+00
3.560000e-02	1.662515e+00	1.662571e+00
3.570000e-02	1.661647e+00	1.661704e+00
3.580000e-02	1.660781e+00	1.660837e+00
3.590000e-02	1.659915e+00	1.659972e+00
3.600000e-02	1.659049e+00	1.659106e+00
3.610000e-02	1.658184e+00	1.658242e+00
3.620000e-02	1.657320e+00	1.657378e+00
3.630000e-02	1.656456e+00	1.656514e+00
3.640000e-02	1.655593e+00	1.655651e+00
3.650000e-02	1.654731e+00	1.654789e+00
3.660000e-02	1.653869e+00	1.653927e+00
3.670000e-02	1.653007e+00	1.653066e+00
3.680000e-02	1.652147e+00	1.652205e+00
3.690000e-02	1.651286e+00	1.651345e+00
3.700000e-02	1.650427e+00	1.650486e+00
3.710000e-02	1.649568e+00	1.649627e+00
3.720000e-02	1.648709e+00	1.648769e+00
3.730000e-02	1.647852e+00	1.647912e+00
3.740000e-02	1.646994e+00	1.647055e+00
3.750000e-02	1.646138e+00	1.646198e+00
3.760000e-02	1.645282e+00	1.645342e+00
3.770000e-02	1.644426e+00	1.644487e+00
3.780000e-02	1.643572e+00	1.643632e+00
3.790000e-02	1.642717e+00	1.642778e+00
3.800000e-02	1.641864e+00	1.641925e+00
3.810000e-02	1.641011e+00	1.641072e+00
3.820000e-02	1.640158e+00	1.640220e+00
3.830000e-02	1.639306e+00	1.639368e+00
3.840000e-02	1.638455e+00	1.638517e+00
3.850000e-02	1.637604e+00	1.637667e+00
3.860000e-02	1.636754e+00	1.636817e+00
3.870000e-02	1.635905e+00	1.635968e+00
3.880000e-02	1.635056e+00	1.635119e+00
3.890000e-02	1.634208e+00	1.634271e+00
3.900000e-02	1.633360e+00	1.633424e+00
3.910000e-02	1.632513e+00	1.632577e+00
3.920000e-02	1.631667e+00	1.631731e+00
3.930000e-02	1.630821e+00	1.630885e+00
3.940000e-02	1.629976e+00	1.630040e+00
3.950000e-02	1.629131e+00	1.629196e+00
3.960000e-02	1.628287e+00	1.628352e+00
3.970000e-02	1.627444e+00	1.627509e+00
3.980000e-02	1.626601e+00	1.626666e+00
3.990000e-02	1.625759e+00	1.625824e+00
4.000000e-02	1.624917e+00	1.624983e+00
4.010000e-02	1.624076e+00	1.624142e+00
4.020000e-02	1.623236e+00	1.623302e+00
4.030000e-02	1.622396e+00	1.622463e+00
4.040000e-02	1.621557e+00	1.621624e+00
4.050000e-02	1.620719e+00	1.620786e+00
4.060000e-02	1.619881e+00	1.619948e+00
4.070000e-02	1.619044e+00	1.619111e+00
4.080000e-02	1.618207e+00	1.618275e+00
4.090000e-02	1.617371e+00	1.617439e+00
4.100000e-02	1.616536e+00	1.616604e+00
4.110000e-02	1.615701e+00	1.615769e+00
4.120000e-02	1.614867e+00	1.614935e+00
4.130000e-02	1.614033e+00	1.614102e+00
4.140000e-02	1.613200e+00	1.613269e+00
4.150000e-02	1.612368e+00	1.612437e+00
4.160000e-02	1.611536e+00	1.611606e+00
4.170000e-02	1.610705e+00	1.610775e+00
4.180000e-02	1.609875e+00	1.609945e+00
4.190000e-02	1.609045e+00	1.609115e+00
4.200000e-02	1.608216e+00	1.608286e+00
4.210000e-02	1.607388e+00	1.607458e+00
4.220000e-02	1.606560e+00	1.606630e+00
4.230000e-02	1.605732e+00	1.605803e+00
4.240000e-02	1.604906e+00	1.604977e+00
4.250000e-02	1.604080e+00	1.604151e+00
4.260000e-02	1.603254e+00	1.603326e+00
4.270000e-02	1.602429e+00	1.602501e+00
4.280000e-02	1.601605e+00	1.601677e+00
4.290000e-02	1.600782e+00	1.600854e+00
4.300000e-02	1.599959e+00	1.600031e+00
4.310000e-02	1.599137e+00	1.599209e+00
4.320000e-02	1.598315e+00	1.598388e+00
4.330000e-02	1.597494e+00	1.597567e+00
4.340000e-02	1.596674e+00	1.596747e+00
4.350000e-02	1.595854e+00	1.595927e+00
4.360000e-02	1.595035e+00	1.595108e+00
4.370000e-02	1.594216e+00	1.594290e+00
4.380000e-02	1.593399e+00	1.593473e+00
4.390000e-02	1.592581e+00	1.592656e+00
4.400000e-02	1.591765e+00	1.591839e+00
4.410000e-02	1.590949e+00	1.591024e+00
4.420000e-02	1.590134e+00	1.590209e+00
4.430000e-02	1.589319e+00	1.589394e+00
4.440000e-02	1.588505e+00	1.588580e+00
4.450000e-02	1.587692e+00	1.587767e+00
4.460000e-02	1.586879e+00	1.586955e+00
4.470000e-02	1.586067e+00	1.586143e+00
4.480000e-02	1.585255e+00	1.585332e+00
4.490000e-02	1.584445e+00	1.584521e+00
4.500000e-02	1.583635e+00	1.583711e+00
4.510000e-02	1.582825e+00	1.582902e+00
4.520000e-02	1.582016e+00	1.582093e+00
4.530000e-02	1.581208e+00	1.581285e+00
4.540000e-02	1.580400e+00	1.580478e+00
4.550000e-02	1.579593e+00	1.579671e+00
4.560000e-02	1.578787e+00	1.578865e+00
4.570000e-02	1.577982e+00	1.578060e+00
4.580000e-02	1.577177e+00	1.577255e+00
4.590000e-02	1.576372e+00	1.576451e+00
4.600000e-02	1.575568e+00	1.575647e+00
4.610000e-02	1.574765e+00	1.574844e+00
4.620000e-02	1.573963e+00	1.574042e+00
4.630000e-02	1.573161e+00	1.573241e+00
4.640000e-02	1.572360e+00	1.572440e+00
4.650000e-02	1.571560e+00	1.571639e+00
4.660000e-02	1.570760e+00	1.570840e+00
4.670000e-02	1.569961e+00	1.570041e+00
4.680000e-02	1.569162e+00	1.569243e+00
4.690000e-02	1.568364e+00	1.568445e+00
4.700000e-02	1.567567e+00	1.567648e+00
4.710000e-02	1.566771e+00	1.566852e+00
4.720000e-02	1.565975e+00	1.566056e+00
4.730000e-02	1.565180e+00	1.565261e+00
4.740000e-02	1.564385e+00	1.564467e+00
4.750000e-02	1.563591e+00	1.563673e+00
4.760000e-02	1.562798e+00	1.562880e+00
4.770000e-02	1.562005e+00	1.562087e+00
4.780000e-02	1.561213e+00	1.561296e+00
4.790000e-02	1.560422e+00	1.560505e+00
4.800000e-02	1.559631e+00	1.559714e+00
4.810000e-02	1.558841e+00	1.558924e+00
4.820000e-02	1.558052e+00	1.558135e+00
4.830000e-02	1.557263e+00	1.557347e+00
4.840000e-02	1.556475e+00	1.556559e+00
4.850000e-02	1.555688e+00	1.555772e+00
4.860000e-02	1.554901e+00	1.554985e+00
4.870000e-02	1.554115e+00	1.554200e+00
4.880000e-02	1.553330e+00	1.553414e+00
4.890000e-02	1.552545e+00	1.552630e+00
4.900000e-02	1.551761e+00	1.551846e+00
4.910000e-02	1.550978e+00	1.551063e+00
4.920000e-02	1.550195e+00	1.550280e+00
4.930000e-02	1.549413e+00	1.549498e+00
4.940000e-02	1.548631e+00	1.548717e+00
4.950000e-02	1.547851e+00	1.547937e+00
4.960000e-02	1.547071e+00	1.547157e+00
4.970000e-02	1.546291e+00	1.546378e+00
4.980000e-02	1.545512e+00	1.545599e+00
4.990000e-02	1.544734e+00	1.544821e+00
5.000000e-02	1.543957e+00	1.544044e+00
5.010000e-02	1.543180e+00	1.543268e+00
5.020000e-02	1.542404e+00	1.542492e+00
5.030000e-02	1.541629e+00	1.541716e+00
5.040000e-02	1.540854e+00	1.540942e+00
5.050000e-02	1.540080e+00	1.540168e+00
5.060000e-02	1.539306e+00	1.539395e+00
5.070000e-02	1.538534e+00	1.538622e+00
5.080000e-02	1.537762e+00	1.537850e+00
5.090000e-02	1.536990e+00	1.537079e+00
5.100000e-02	1.536219e+00	1.536309e+00
5.110000e-02	1.535449e+00	1.535539e+00
5.120000e-02	1.534680e+00	1.534770e+00
5.130000e-02	1.533911e+00	1.534001e+00
5.140000e-02	1.533143e+00	1.533233e+00
5.150000e-02	1.532376e+00	1.532466e+00
5.160000e-02	1.531609e+00	1.531700e+00
5.170000e-02	1.530843e+00	1.530934e+00
5.180000e-02	1.530078e+00	1.530169e+00
5.190000e-02	1.529313e+00	1.529404e+00
5.200000e-02	1.528549e+00	1.528640e+00
5.210000e-02	1.527786e+00	1.527877e+00
5.220000e-02	1.527023e+00	1.527115e+00
5.230000e-02	1.526261e+00	1.526353e+00
5.240000e-02	1.525500e+00	1.525592e+00
5.250000e-02	1.524739e+00	1.524831e+00
5.260000e-02	1.523979e+00	1.524072e+00
5.270000e-02	1.523220e+00	1.523312e+00
5.280000e-02	1.522461e+00	1.522554e+00
5.290000e-02	1.521703e+00	1.521796e+00
5.300000e-02	1.520946e+00	1.521039e+00
5.310000e-02	1.520189e+00	1.520283e+00
5.320000e-02	1.519433e+00	1.519527e+00
5.330000e-02	1.518678e+00	1.518772e+00
5.340000e-02	1.517924e+00	1.518018e+00
5.350000e-02	1.517170e+00	1.517264e+00
5.360000e-02	1.516417e+00	1.516511e+00
5.370000e-02	1.515664e+00	1.515759e+00
5.380000e-02	1.514912e+00	1.515007e+00
5.390000e-02	1.514161e+00	1.514256e+00
5.400000e-02	1.513411e+00	1.513506e+00
5.410000e-02	1.512661e+00	1.512756e+00
5.420000e-02	1.511912e+00	1.512007e+00
5.430000e-02	1.511163e+00	1.511259e+00
5.440000e-02	1.510415e+00	1.510512e+00
5.450000e-02	1.509668e+00	1.509765e+00
5.460000e-02	1.508922e+00	1.509018e+00
5.470000e-02	1.508176e+00	1.508273e+00
5.480000e-02	1.507431e+00	1.507528e+00
5.490000e-02	1.506687e+00	1.506784e+00
5.500000e-02	1.505943e+00	1.506040e+00
5.510000e-02	1.505200e+00	1.505298e+00
5.520000e-02	1.504458e+00	1.504556e+00
5.530000e-02	1.503716e+00	1.503814e+00
5.540000e-02	1.502975e+00	1.503073e+00
5.550000e-02	1.502235e+00	1.502333e+00
5.560000e-02	1.501495e+00	1.501594e+00
5.570000e-02	1.500757e+00	1.500855e+00
5.580000e-02	1.500018e+00	1.500117e+00
5.590000e-02	1.499281e+00	1.499380e+00
5.600000e-02	1.498544e+00	1.498643e+00
5.610000e-02	1.497808e+00	1.497907e+00
5.620000e-02	1.497072e+00	1.497172e+00
5.630000e-02	1.496338e+00	1.496438e+00
5.640000e-02	1.495604e+00	1.495704e+00
5.650000e-02	1.494870e+00	1.494970e+00
5.660000e-02	1.494137e+00	1.494238e+00
5.670000e-02	1.493405e+00	1.493506e+00
5.680000e-02	1.492674e+00	1.492775e+00
5.690000e-02	1.491943e+00	1.492045e+00
5.700000e-02	1.491214e+00	1.491315e+00
5.710000e-02	1.490484e+00	1.490586e+00
5.720000e-02	1.489756e+00	1.489857e+00
5.730000e-02	1.489028e+00	1.489130e+00
5.740000e-02	1.488301e+00	1.488403e+00
5.750000e-02	1.487574e+00	1.487676e+00
5.760000e-02	1.486848e+00	1.486951e+00
5.770000e-02	1.486123e+00	1.486226e+00
5.780000e-02	1.485399e+00	1.485501e+00
5.790000e-02	1.484675e+00	1.484778e+00
5.800000e-02	1.483952e+00	1.484055e+00
5.810000e-02	1.483229e+00	1.483333e+00
5.820000e-02	1.482508e+00	1.482611e+00
5.830000e-02	1.481787e+00	1.481890e+00
5.840000e-02	1.481066e+00	1.481170e+00
5.850000e-02	1.480347e+00	1.480451e+00
5.860000e-02	1.479628e+00	1.479732e+00
5.870000e-02	1.478910e+00	1.479014e+00
5.880000e-02	1.478192e+00	1.478297e+00
5.890000e-02	1.477475e+00	1.477580e+00
5.900000e-02	1.476759e+00	1.476864e+00
5.910000e-02	1.476044e+00	1.476149e+00
5.920000e-02	1.475329e+00	1.475434e+00
5.930000e-02	1.474615e+00	1.474720e+00
5.940000e-02	1.473901e+00	1.474007e+00
5.950000e-02	1.473189e+00	1.473295e+00
5.960000e-02	1.472477e+00	1.472583e+00
5.970000e-02	1.471765e+00	1.471872e+00
5.980000e-02	1.471055e+00	1.471161e+00
5.990000e-02	1.470345e+00	1.470452e+00
6.000000e-02	1.469636e+00	1.469743e+00
6.010000e-02	1.468927e+00	1.469034e+00
6.020000e-02	1.468219e+00	1.468327e+00
6.030000e-02	1.467512e+00	1.467620e+00
6.040000e-02	1.466806e+00	1.466913e+00
6.050000e-02	1.466100e+00	1.466208e+00
6.060000e-02	1.465395e+00	1.465503e+00
6.070000e-02	1.464690e+00	1.464799e+00
6.080000e-02	1.463987e+00	1.464095e+00
6.090000e-02	1.463284e+00	1.463392e+00
6.100000e-02	1.462581e+00	1.462690e+00
6.110000e-02	1.461880e+00	1.461989e+00
6.120000e-02	1.461179e+00	1.461288e+00
6.130000e-02	1.460479e+00	1.460588e+00
6.140000e-02	1.459779e+00	1.459889e+00
6.150000e-02	1.459080e+00	1.459190e+00
6.160000e-02	1.458382e+00	1.458492e+00
6.170000e-02	1.457685e+00	1.457795e+00
6.180000e-02	1.456988e+00	1.457098e+00
6.190000e-02	1.456292e+00	1.456403e+00
6.200000e-02	1.455597e+00	1.455707e+00
6.210000e-02	1.454902e+00	1.455013e+00
6.220000e-02	1.454208e+00	1.454319e+00
6.230000e-02	1.453515e+00	1.453626e+00
6.240000e-02	1.452823e+00	1.452934e+00
6.250000e-02	1.452131e+00	1.452242e+00
6.260000e-02	1.451440e+00	1.451551e+00
6.270000e-02	1.450749e+00	1.450861e+00
6.280000e-02	1.450059e+00	1.450171e+00
6.290000e-02	1.449370e+00	1.449482e+00
6.300000e-02	1.448682e+00	1.448794e+00
6.310000e-02	1.447994e+00	1.448107e+00
6.320000e-02	1.447307e+00	1.447420e+00
6.330000e-02	1.446621e+00	1.446734e+00
6.340000e-02	1.445935e+00	1.446049e+00
6.350000e-02	1.445251e+00	1.445364e+00
6.360000e-02	1.444566e+00	1.444680e+00
6.370000e-02	1.443883e+00	1.443997e+00
6.380000e-02	1.443200e+00	1.443314e+00
6.390000e-02	1.442518e+00	1.442632e+00
6.400000e-02	1.441837e+00	1.441951e+00
6.410000e-02	1.441156e+00	1.441270e+00
6.420000e-02	1.440476e+00	1.440591e+00
6.430000e-02	1.439797e+00	1.439911e+00
6.440000e-02	1.439118e+00	1.439233e+00
6.450000e-02	1.438440e+00	1.438555e+00
6.460000e-02	1.437763e+00	1.437878e+00
6.470000e-02	1.437087e+00	1.437202e+00
6.480000e-02	1.436411e+00	1.436526e+00
6.490000e-02	1.435736e+00	1.435851e+00
6.500000e-02	1.435061e+00	1.435177e+00
6.510000e-02	1.434388e+00	1.434504e+00
6.520000e-02	1.433715e+00	1.433831e+00
6.530000e-02	1.433042e+00	1.433159e+00
6.540000e-02	1.432371e+00	1.432487e+00
6.550000e-02	1.431700e+00	1.431817e+00
6.560000e-02	1.431030e+00	1.431147e+00
6.570000e-02	1.430360e+00	1.430477e+00
6.580000e-02	1.429691e+00	1.429809e+00
6.590000e-02	1.429023e+00	1.429141e+00
6.600000e-02	1.428356e+00	1.428474e+00
6.610000e-02	1.427689e+00	1.427807e+00
6.620000e-02	1.427023e+00	1.427141e+00
6.630000e-02	1.426358e+00	1.426476e+00
6.640000e-02	1.425693e+00	1.425812e+00
6.650000e-02	1.425030e+00	1.425148e+00
6.660000e-02	1.424366e+00	1.424485e+00
6.670000e-02	1.423704e+00	1.423822e+00
6.680000e-02	1.423042e+00	1.423161e+00
6.690000e-02	1.422381e+00	1.422500e+00
6.700000e-02	1.421721e+00	1.421840e+00
6.710000e-02	1.421061e+00	1.421180e+00
6.720000e-02	1.420402e+00	1.420521e+00
6.730000e-02	1.419744e+00	1.419863e+00
6.740000e-02	1.419086e+00	1.419206e+00
6.750000e-02	1.418429e+00	1.418549e+00
6.760000e-02	1.417773e+00	1.417893e+00
6.770000e-02	1.417117e+00	1.417238e+00
6.780000e-02	1.416462e+00	1.416583e+00
6.790000e-02	1.415808e+00	1.415929e+00
6.800000e-02	1.415155e+00	1.415276e+00
6.810000e-02	1.414502e+00	1.414623e+00
6.820000e-02	1.413850e+00	1.413971e+00
6.830000e-02	1.413199e+00	1.413320e+00
6.840000e-02	1.412548e+00	1.412670e+00
6.850000e-02	1.411898e+00	1.412020e+00
6.860000e-02	1.411249e+00	1.411371e+00
6.870000e-02	1.410601e+00	1.410723e+00
6.880000e-02	1.409953e+00	1.410075e+00
6.890000e-02	1.409306e+00	1.409428e+00
6.900000e-02	1.408659e+00	1.408782e+00
6.910000e-02	1.408014e+00	1.408136e+00
6.920000e-02	1.407369e+00	1.407491e+00
6.930000e-02	1.406724e+00	1.406847e+00
6.940000e-02	1.406081e+00	1.406204e+00
6.950000e-02	1.405438e+00	1.405561e+00
6.960000e-02	1.404796e+00	1.404919e+00
6.970000e-02	1.404154e+00	1.404278e+00
6.980000e-02	1.403513e+00	1.403637e+00
6.990000e-02	1.402873e+00	1.402997e+00
7.000000e-02	1.402234e+00	1.402358e+00
7.010000e-02	1.401595e+00	1.401719e+00
7.020000e-02	1.400957e+00	1.401081e+00
7.030000e-02	1.400320e+00	1.400444e+00
7.040000e-02	1.399683e+00	1.399808e+00
7.050000e-02	1.399047e+00	1.399172e+00
7.060000e-02	1.398412e+00	1.398537e+00
7.070000e-02	1.397778e+00	1.397903e+00
7.080000e-02	1.397144e+00	1.397269e+00
7.090000e-02	1.396511e+00	1.396636e+00
7.100000e-02	1.395878e+00	1.396004e+00
7.110000e-02	1.395246e+00	1.395372e+00
7.120000e-02	1.394615e+00	1.394741e+00
7.130000e-02	1.393985e+00	1.394111e+00
7.140000e-02	1.393355e+00	1.393481e+00
7.150000e-02	1.392727e+00	1.392853e+00
7.160000e-02	1.392098e+00	1.392225e+00
7.170000e-02	1.391471e+00	1.391597e+00
7.180000e-02	1.390844e+00	1.390971e+00
7.190000e-02	1.390218e+00	1.390345e+00
7.200000e-02	1.389592e+00	1.389719e+00
7.210000e-02	1.388968e+00	1.389095e+00
7.220000e-02	1.388344e+00	1.388471e+00
7.230000e-02	1.387720e+00	1.387848e+00
7.240000e-02	1.387098e+00	1.387225e+00
7.250000e-02	1.386476e+00	1.386603e+00
7.260000e-02	1.385854e+00	1.385982e+00
7.270000e-02	1.385234e+00	1.385362e+00
7.280000e-02	1.384614e+00	1.384742e+00
7.290000e-02	1.383995e+00	1.384123e+00
7.300000e-02	1.383376e+00	1.383505e+00
7.310000e-02	1.382759e+00	1.382887e+00
7.320000e-02	1.382141e+00	1.382270e+00
7.330000e-02	1.381525e+00	1.381654e+00
7.340000e-02	1.380909e+00	1.381038e+00
7.350000e-02	1.380294e+00	1.380423e+00
7.360000e-02	1.379680e+00	1.379809e+00
7.370000e-02	1.379067e+00	1.379196e+00
7.380000e-02	1.378454e+00	1.378583e+00
7.390000e-02	1.377841e+00	1.377971e+00
7.400000e-02	1.377230e+00	1.377360e+00
7.410000e-02	1.376619e+00	1.376749e+00
7.420000e-02	1.376009e+00	1.376139e+00
7.430000e-02	1.375400e+00	1.375530e+00
7.440000e-02	1.374791e+00	1.374921e+00
7.450000e-02	1.374183e+00	1.374313e+00
7.460000e-02	1.373576e+00	1.373706e+00
7.470000e-02	1.372969e+00	1.373100e+00
7.480000e-02	1.372363e+00	1.372494e+00
7.490000e-02	1.371758e+00	1.371889e+00
7.500000e-02	1.371153e+00	1.371284e+00
7.510000e-02	1.370549e+00	1.370681e+00
7.520000e-02	1.369946e+00	1.370077e+00
7.530000e-02	1.369344e+00	1.369475e+00
7.540000e-02	1.368742e+00	1.368874e+00
7.550000e-02	1.368141e+00	1.368273e+00
7.560000e-02	1.367540e+00	1.367672e+00
7.570000e-02	1.366941e+00	1.367073e+00
7.580000e-02	1.366342e+00	1.366474e+00
7.590000e-02	1.365743e+00	1.365876e+00
7.600000e-02	1.365146e+00	1.365278e+00
7.610000e-02	1.364549e+00	1.364681e+00
7.620000e-02	1.363953e+00	1.364085e+00
7.630000e-02	1.363357e+00	1.363490e+00
7.640000e-02	1.362762e+00	1.362895e+00
7.650000e-02	1.362168e+00	1.362301e+00
7.660000e-02	1.361575e+00	1.361708e+00
7.670000e-02	1.360982e+00	1.361115e+00
7.680000e-02	1.360390e+00	1.360523e+00
7.690000e-02	1.359799e+00	1.359932e+00
7.700000e-02	1.359208e+00	1.359341e+00
7.710000e-02	1.358618e+00	1.358752e+00
7.720000e-02	1.358029e+00	1.358162e+00
7.730000e-02	1.357440e+00	1.357574e+00
7.740000e-02	1.356852e+00	1.356986e+00
7.750000e-02	1.356265e+00	1.356399e+00
7.760000e-02	1.355678e+00	1.355813e+00
7.770000e-02	1.355092e+00	1.355227e+00
7.780000e-02	1.354507e+00	1.354642e+00
7.790000e-02	1.353923e+00	1.354058e+00
7.800000e-02	1.353339e+00	1.353474e+00
7.810000e-02	1.352756e+00	1.352891e+00
7.820000e-02	1.352173e+00	1.352309e+00
7.830000e-02	1.351592e+00	1.351727e+00
7.840000e-02	1.351011e+00	1.351146e+00
7.850000e-02	1.350430e+00	1.350566e+00
7.860000e-02	1.349851e+00	1.349986e+00
7.870000e-02	1.349272e+00	1.349408e+00
7.880000e-02	1.348694e+00	1.348829e+00
7.890000e-02	1.348116e+00	1.348252e+00
7.900000e-02	1.347539e+00	1.347675e+00
7.910000e-02	1.346963e+00	1.347099e+00
7.920000e-02	1.346387e+00	1.346524e+00
7.930000e-02	1.345813e+00	1.345949e+00
7.940000e-02	1.345238e+00	1.345375e+00
7.950000e-02	1.344665e+00	1.344802e+00
7.960000e-02	1.344092e+00	1.344229e+00
7.970000e-02	1.343520e+00	1.343657e+00
7.980000e-02	1.342949e+00	1.343086e+00
7.990000e-02	1.342378e+00	1.342515e+00
8.000000e-02	1.341808e+00	1.341945e+00
8.010000e-02	1.341239e+00	1.341376e+00
8.020000e-02	1.340670e+00	1.340807e+00
8.030000e-02	1.340102e+00	1.340240e+00
8.040000e-02	1.339535e+00	1.339672e+00
8.050000e-02	1.338968e+00	1.339106e+00
8.060000e-02	1.338402e+00	1.338540e+00
8.070000e-02	1.337837e+00	1.337975e+00
8.080000e-02	1.337272e+00	1.337411e+00
8.090000e-02	1.336709e+00	1.336847e+00
8.100000e-02	1.336145e+00	1.336284e+00
8.110000e-02	1.335583e+00	1.335721e+00
8.120000e-02	1.335021e+00	1.335160e+00
8.130000e-02	1.334460e+00	1.334599e+00
8.140000e-02	1.333900e+00	1.334038e+00
8.150000e-02	1.333340e+00	1.333479e+00
8.160000e-02	1.332781e+00	1.332920e+00
8.170000e-02	1.332222e+00	1.332361e+00
8.180000e-02	1.331665e+00	1.331804e+00
8.190000e-02	1.331108e+00	1.331247e+00
8.200000e-02	1.330551e+00	1.330691e+00
8.210000e-02	1.329996e+00	1.330135e+00
8.220000e-02	1.329441e+00	1.329580e+00
8.230000e-02	1.328886e+00	1.329026e+00
8.240000e-02	1.328333e+00	1.328472e+00
8.250000e-02	1.327780e+00	1.327920e+00
8.260000e-02	1.327227e+00	1.327367e+00
8.270000e-02	1.326676e+00	1.326816e+00
8.280000e-02	1.326125e+00	1.326265e+00
8.290000e-02	1.325575e+00	1.325715e+00
8.300000e-02	1.325025e+00	1.325166e+00
8.310000e-02	1.324476e+00	1.324617e+00
8.320000e-02	1.323928e+00	1.324069e+00
8.330000e-02	1.323381e+00	1.323521e+00
8.340000e-02	1.322834e+00	1.322975e+00
8.350000e-02	1.322288e+00	1.322429e+00
8.360000e-02	1.321742e+00	1.321883e+00
8.370000e-02	1.321197e+00	1.321338e+00
8.380000e-02	1.320653e+00	1.320794e+00
8.390000e-02	1.320110e+00	1.320251e+00
8.400000e-02	1.319567e+00	1.319708e+00
8.410000e-02	1.319025e+00	1.319166e+00
8.420000e-02	1.318483e+00	1.318625e+00
8.430000e-02	1.317943e+00	1.318084e+00
8.440000e-02	1.317403e+00	1.317544e+00
8.450000e-02	1.316863e+00	1.317005e+00
8.460000e-02	1.316324e+00	1.316466e+00
8.470000e-02	1.315786e+00	1.315929e+00
8.480000e-02	1.315249e+00	1.315391e+00
8.490000e-02	1.314712e+00	1.314855e+00
8.500000e-02	1.314176e+00	1.314319e+00
8.510000e-02	1.313641e+00	1.313783e+00
8.520000e-02	1.313106e+00	1.313249e+00
8.530000e-02	1.312572e+00	1.312715e+00
8.540000e-02	1.312039e+00	1.312182e+00
8.550000e-02	1.311506e+00	1.311649e+00
8.560000e-02	1.310974e+00	1.311117e+00
8.570000e-02	1.310443e+00	1.310586e+00
8.580000e-02	1.309912e+00	1.310055e+00
8.590000e-02	1.309382e+00	1.309526e+00
8.600000e-02	1.308853e+00	1.308996e+00
8.610000e-02	1.308324e+00	1.308468e+00
8.620000e-02	1.307796e+00	1.307940e+00
8.630000e-02	1.307269e+00	1.307413e+00
8.640000e-02	1.306742e+00	1.306886e+00
8.650000e-02	1.306216e+00	1.306360e+00
8.660000e-02	1.305691e+00	1.305835e+00
8.670000e-02	1.305167e+00	1.305310e+00
8.680000e-02	1.304643e+00	1.304787e+00
8.690000e-02	1.304119e+00	1.304263e+00
8.700000e-02	1.303597e+00	1.303741e+00
8.710000e-02	1.303075e+00	1.303219e+00
8.720000e-02	1.302553e+00	1.302698e+00
8.730000e-02	1.302033e+00	1.302177e+00
8.740000e-02	1.301513e+00	1.301657e+00
8.750000e-02	1.300994e+00	1.301138e+00
8.760000e-02	1.300475e+00	1.300620e+00
8.770000e-02	1.299957e+00	1.300102e+00
8.780000e-02	1.299440e+00	1.299585e+00
8.790000e-02	1.298923e+00	1.299068e+00
8.800000e-02	1.298407e+00	1.298552e+00
8.810000e-02	1.297892e+00	1.298037e+00
8.820000e-02	1.297377e+00	1.297522e+00
8.830000e-02	1.296863e+00	1.297009e+00
8.840000e-02	1.296350e+00	1.296495e+00
8.850000e-02	1.295837e+00	1.295983e+00
8.860000e-02	1.295325e+00	1.295471e+00
8.870000e-02	1.294814e+00	1.294960e+00
8.880000e-02	1.294303e+00	1.294449e+00
8.890000e-02	1.293793e+00	1.293939e+00
8.900000e-02	1.293284e+00	1.293430e+00
8.910000e-02	1.292775e+00	1.292921e+00
8.920000e-02	1.292267e+00	1.292413e+00
8.930000e-02	1.291760e+00	1.291906e+00
8.940000e-02	1.291253e+00	1.291399e+00
8.950000e-02	1.290747e+00	1.290893e+00
8.960000e-02	1.290242e+00	1.290388e+00
8.970000e-02	1.289737e+00	1.289883e+00
8.980000e-02	1.289233e+00	1.289379e+00
8.990000e-02	1.288730e+00	1.288876e+00
9.000000e-02	1.288227e+00	1.288373e+00
9.010000e-02	1.287725e+00	1.287871e+00
9.020000e-02	1.287223e+00	1.287370e+00
9.030000e-02	1.286723e+00	1.286869e+00
9.040000e-02	1.286222e+00	1.286369e+00
9.050000e-02	1.285723e+00	1.285870e+00
9.060000e-02	1.285224e+00	1.285371e+00
9.070000e-02	1.284726e+00	1.284873e+00
9.080000e-02	1.284229e+00	1.284376e+00
9.090000e-02	1.283732e+00	1.283879e+00
9.100000e-02	1.283236e+00	1.283383e+00
9.110000e-02	1.282740e+00	1.282887e+00
9.120000e-02	1.282245e+00	1.282393e+00
9.130000e-02	1.281751e+00	1.281898e+00
9.140000e-02	1.281257e+00	1.281405e+00
9.150000e-02	1.280764e+00	1.280912e+00
9.160000e-02	1.280272e+00	1.280420e+00
9.170000e-02	1.279781e+00	1.279928e+00
9.180000e-02	1.279290e+00	1.279437e+00
9.190000e-02	1.278799e+00	1.278947e+00
9.200000e-02	1.278310e+00	1.278458e+00
9.210000e-02	1.277821e+00	1.277969e+00
9.220000e-02	1.277332e+00	1.277480e+00
9.230000e-02	1.276845e+00	1.276993e+00
9.240000e-02	1.276357e+00	1.276506e+00
9.250000e-02	1.275871e+00	1.276019e+00
9.260000e-02	1.275385e+00	1.275534e+00
9.270000e-02	1.274900e+00	1.275049e+00
9.280000e-02	1.274416e+00	1.274564e+00
9.290000e-02	1.273932e+00	1.274080e+00
9.300000e-02	1.273449e+00	1.273597e+00
9.310000e-02	1.272966e+00	1.273115e+00
9.320000e-02	1.272484e+00	1.272633e+00
9.330000e-02	1.272003e+00	1.272152e+00
9.340000e-02	1.271522e+00	1.271671e+00
9.350000e-02	1.271043e+00	1.271191e+00
9.360000e-02	1.270563e+00	1.270712e+00
9.370000e-02	1.270085e+00	1.270234e+00
9.380000e-02	1.269607e+00	1.269756e+00
9.390000e-02	1.269129e+00	1.269278e+00
9.400000e-02	1.268652e+00	1.268802e+00
9.410000e-02	1.268176e+00	1.268326e+00
9.420000e-02	1.267701e+00	1.267850e+00
9.430000e-02	1.267226e+00	1.267376e+00
9.440000e-02	1.266752e+00	1.266901e+00
9.450000e-02	1.266278e+00	1.266428e+00
9.460000e-02	1.265806e+00	1.265955e+00
9.470000e-02	1.265333e+00	1.265483e+00
9.480000e-02	1.264862e+00	1.265011e+00
9.490000e-02	1.264391e+00	1.264541e+00
9.500000e-02	1.263921e+00	1.264070e+00
9.510000e-02	1.263451e+00	1.263601e+00
9.520000e-02	1.262982e+00	1.263132e+00
9.530000e-02	1.262513e+00	1.262663e+00
9.540000e-02	1.262046e+00	1.262196e+00
9.550000e-02	1.261579e+00	1.261729e+00
9.560000e-02	1.261112e+00	1.261262e+00
9.570000e-02	1.260646e+00	1.260796e+00
9.580000e-02	1.260181e+00	1.260331e+00
9.590000e-02	1.259716e+00	1.259867e+00
9.600000e-02	1.259252e+00	1.259403e+00
9.610000e-02	1.258789e+00	1.258939e+00
9.620000e-02	1.258326e+00	1.258477e+00
9.630000e-02	1.257864e+00	1.258015e+00
9.640000e-02	1.257403e+00	1.257553e+00
9.650000e-02	1.256942e+00	1.257093e+00
9.660000e-02	1.256482e+00	1.256633e+00
9.670000e-02	1.256023e+00	1.256173e+00
9.680000e-02	1.255564e+00	1.255714e+00
9.690000e-02	1.255105e+00	1.255256e+00
9.700000e-02	1.254648e+00	1.254799e+00
9.710000e-02	1.254191e+00	1.254342e+00
9.720000e-02	1.253735e+00	1.253885e+00
9.730000e-02	1.253279e+00	1.253430e+00
9.740000e-02	1.252824e+00	1.252975e+00
9.750000e-02	1.252369e+00	1.252520e+00
9.760000e-02	1.251915e+00	1.252066e+00
9.770000e-02	1.251462e+00	1.251613e+00
9.780000e-02	1.251010e+00	1.251161e+00
9.790000e-02	1.250558e+00	1.250709e+00
9.800000e-02	1.250106e+00	1.250257e+00
9.810000e-02	1.249656e+00	1.249807e+00
9.820000e-02	1.249206e+00	1.249357e+00
9.830000e-02	1.248756e+00	1.248907e+00
9.840000e-02	1.248307e+00	1.248459e+00
9.850000e-02	1.247859e+00	1.248010e+00
9.860000e-02	1.247412e+00	1.247563e+00
9.870000e-02	1.246965e+00	1.247116e+00
9.880000e-02	1.246518e+00	1.246670e+00
9.890000e-02	1.246073e+00	1.246224e+00
9.900000e-02	1.245627e+00	1.245779e+00
9.910000e-02	1.245183e+00	1.245335e+00
9.920000e-02	1.244739e+00	1.244891e+00
9.930000e-02	1.244296e+00	1.244448e+00
9.940000e-02	1.243853e+00	1.244005e+00
9.950000e-02	1.243411e+00	1.243563e+00
9.960000e-02	1.242970e+00	1.243122e+00
9.970000e-02	1.242529e+00	1.242681e+00
9.980000e-02	1.242089e+00	1.242241e+00
9.990000e-02	1.241650e+00	1.241802e+00
1.000000e-01	1.241211e+00	1.241363e+00
