1.000000e-03	 1.990005e+00	 1.990000e+00	 1.990011e+00	 1.990005e+00 
2.000000e-03	 1.980022e+00	 1.980011e+00	 1.980034e+00	 1.980023e+00 
3.000000e-03	 1.970053e+00	 1.970035e+00	 1.970073e+00	 1.970054e+00 
4.000000e-03	 1.960100e+00	 1.960073e+00	 1.960127e+00	 1.960100e+00 
5.000000e-03	 1.950163e+00	 1.950128e+00	 1.950200e+00	 1.950164e+00 
6.000000e-03	 1.940246e+00	 1.940202e+00	 1.940292e+00	 1.940247e+00 
7.000000e-03	 1.930350e+00	 1.930295e+00	 1.930406e+00	 1.930351e+00 
8.000000e-03	 1.920476e+00	 1.920410e+00	 1.920543e+00	 1.920477e+00 
9.000000e-03	 1.910626e+00	 1.910548e+00	 1.910705e+00	 1.910627e+00 
1.000000e-02	 1.900802e+00	 1.900712e+00	 1.900893e+00	 1.900803e+00 
1.100000e-02	 1.891005e+00	 1.890902e+00	 1.891109e+00	 1.891006e+00 
1.200000e-02	 1.881237e+00	 1.881121e+00	 1.881355e+00	 1.881239e+00 
1.300000e-02	 1.871500e+00	 1.871369e+00	 1.871632e+00	 1.871501e+00 
1.400000e-02	 1.861794e+00	 1.861649e+00	 1.861942e+00	 1.861796e+00 
1.500000e-02	 1.852123e+00	 1.851962e+00	 1.852285e+00	 1.852125e+00 
1.600000e-02	 1.842486e+00	 1.842309e+00	 1.842664e+00	 1.842488e+00 
1.700000e-02	 1.832885e+00	 1.832692e+00	 1.833080e+00	 1.832887e+00 
1.800000e-02	 1.823322e+00	 1.823113e+00	 1.823534e+00	 1.823325e+00 
1.900000e-02	 1.813799e+00	 1.813572e+00	 1.814028e+00	 1.813801e+00 
2.000000e-02	 1.804316e+00	 1.804071e+00	 1.804563e+00	 1.804318e+00 
2.100000e-02	 1.794874e+00	 1.794611e+00	 1.795139e+00	 1.794877e+00 
2.200000e-02	 1.785476e+00	 1.785194e+00	 1.785759e+00	 1.785478e+00 
2.300000e-02	 1.776122e+00	 1.775821e+00	 1.776424e+00	 1.776124e+00 
2.400000e-02	 1.766813e+00	 1.766493e+00	 1.767135e+00	 1.766815e+00 
2.500000e-02	 1.757551e+00	 1.757211e+00	 1.757892e+00	 1.757553e+00 
2.600000e-02	 1.748336e+00	 1.747977e+00	 1.748697e+00	 1.748339e+00 
2.700000e-02	 1.739171e+00	 1.738791e+00	 1.739552e+00	 1.739174e+00 
2.800000e-02	 1.730055e+00	 1.729655e+00	 1.730457e+00	 1.730058e+00 
2.900000e-02	 1.720991e+00	 1.720570e+00	 1.721413e+00	 1.720994e+00 
3.000000e-02	 1.711978e+00	 1.711537e+00	 1.712421e+00	 1.711981e+00 
3.100000e-02	 1.703019e+00	 1.702556e+00	 1.703483e+00	 1.703022e+00 
3.200000e-02	 1.694113e+00	 1.693629e+00	 1.694598e+00	 1.694116e+00 
3.300000e-02	 1.685263e+00	 1.684757e+00	 1.685769e+00	 1.685266e+00 
3.400000e-02	 1.676468e+00	 1.675941e+00	 1.676995e+00	 1.676471e+00 
3.500000e-02	 1.667730e+00	 1.667181e+00	 1.668279e+00	 1.667733e+00 
3.600000e-02	 1.659049e+00	 1.658479e+00	 1.659620e+00	 1.659052e+00 
3.700000e-02	 1.650427e+00	 1.649835e+00	 1.651019e+00	 1.650430e+00 
3.800000e-02	 1.641864e+00	 1.641250e+00	 1.642477e+00	 1.641867e+00 
3.900000e-02	 1.633360e+00	 1.632724e+00	 1.633996e+00	 1.633363e+00 
4.000000e-02	 1.624917e+00	 1.624260e+00	 1.625574e+00	 1.624921e+00 
4.100000e-02	 1.616536e+00	 1.615856e+00	 1.617214e+00	 1.616539e+00 
4.200000e-02	 1.608216e+00	 1.607514e+00	 1.608916e+00	 1.608219e+00 
4.300000e-02	 1.599959e+00	 1.599235e+00	 1.600681e+00	 1.599962e+00 
4.400000e-02	 1.591765e+00	 1.591020e+00	 1.592508e+00	 1.591768e+00 
4.500000e-02	 1.583635e+00	 1.582868e+00	 1.584399e+00	 1.583638e+00 
4.600000e-02	 1.575568e+00	 1.574780e+00	 1.576355e+00	 1.575572e+00 
4.700000e-02	 1.567567e+00	 1.566757e+00	 1.568375e+00	 1.567570e+00 
4.800000e-02	 1.559631e+00	 1.558800e+00	 1.560460e+00	 1.559634e+00 
4.900000e-02	 1.551761e+00	 1.550909e+00	 1.552610e+00	 1.551764e+00 
5.000000e-02	 1.543957e+00	 1.543083e+00	 1.544827e+00	 1.543960e+00 
5.100000e-02	 1.536219e+00	 1.535325e+00	 1.537110e+00	 1.536223e+00 
5.200000e-02	 1.528549e+00	 1.527634e+00	 1.529460e+00	 1.528552e+00 
5.300000e-02	 1.520946e+00	 1.520010e+00	 1.521877e+00	 1.520949e+00 
5.400000e-02	 1.513411e+00	 1.512455e+00	 1.514362e+00	 1.513414e+00 
5.500000e-02	 1.505943e+00	 1.504967e+00	 1.506915e+00	 1.505946e+00 
5.600000e-02	 1.498544e+00	 1.497548e+00	 1.499535e+00	 1.498547e+00 
5.700000e-02	 1.491214e+00	 1.490198e+00	 1.492224e+00	 1.491217e+00 
5.800000e-02	 1.483952e+00	 1.482917e+00	 1.484981e+00	 1.483955e+00 
5.900000e-02	 1.476759e+00	 1.475705e+00	 1.477807e+00	 1.476762e+00 
6.000000e-02	 1.469636e+00	 1.468563e+00	 1.470702e+00	 1.469639e+00 
6.100000e-02	 1.462581e+00	 1.461490e+00	 1.463667e+00	 1.462584e+00 
6.200000e-02	 1.455597e+00	 1.454487e+00	 1.456700e+00	 1.455600e+00 
6.300000e-02	 1.448682e+00	 1.447555e+00	 1.449803e+00	 1.448685e+00 
6.400000e-02	 1.441837e+00	 1.440692e+00	 1.442975e+00	 1.441840e+00 
6.500000e-02	 1.435061e+00	 1.433899e+00	 1.436217e+00	 1.435064e+00 
6.600000e-02	 1.428356e+00	 1.427177e+00	 1.429528e+00	 1.428359e+00 
6.700000e-02	 1.421721e+00	 1.420525e+00	 1.422909e+00	 1.421723e+00 
6.800000e-02	 1.415155e+00	 1.413943e+00	 1.416359e+00	 1.415158e+00 
6.900000e-02	 1.408659e+00	 1.407431e+00	 1.409880e+00	 1.408662e+00 
7.000000e-02	 1.402234e+00	 1.400990e+00	 1.403469e+00	 1.402236e+00 
7.100000e-02	 1.395878e+00	 1.394619e+00	 1.397129e+00	 1.395881e+00 
7.200000e-02	 1.389592e+00	 1.388319e+00	 1.390857e+00	 1.389595e+00 
7.300000e-02	 1.383376e+00	 1.382088e+00	 1.384656e+00	 1.383379e+00 
7.400000e-02	 1.377230e+00	 1.375928e+00	 1.378523e+00	 1.377232e+00 
7.500000e-02	 1.371153e+00	 1.369837e+00	 1.372460e+00	 1.371156e+00 
7.600000e-02	 1.365146e+00	 1.363817e+00	 1.366465e+00	 1.365148e+00 
7.700000e-02	 1.359208e+00	 1.357866e+00	 1.360540e+00	 1.359210e+00 
7.800000e-02	 1.353339e+00	 1.351984e+00	 1.354684e+00	 1.353341e+00 
7.900000e-02	 1.347539e+00	 1.346173e+00	 1.348896e+00	 1.347541e+00 
8.000000e-02	 1.341808e+00	 1.340430e+00	 1.343176e+00	 1.341810e+00 
8.100000e-02	 1.336145e+00	 1.334756e+00	 1.337525e+00	 1.336147e+00 
8.200000e-02	 1.330551e+00	 1.329151e+00	 1.331941e+00	 1.330553e+00 
8.300000e-02	 1.325025e+00	 1.323614e+00	 1.326425e+00	 1.325027e+00 
8.400000e-02	 1.319567e+00	 1.318146e+00	 1.320977e+00	 1.319569e+00 
8.500000e-02	 1.314176e+00	 1.312746e+00	 1.315596e+00	 1.314178e+00 
8.600000e-02	 1.308853e+00	 1.307413e+00	 1.310282e+00	 1.308855e+00 
8.700000e-02	 1.303597e+00	 1.302148e+00	 1.305034e+00	 1.303598e+00 
8.800000e-02	 1.298407e+00	 1.296950e+00	 1.299853e+00	 1.298409e+00 
8.900000e-02	 1.293284e+00	 1.291819e+00	 1.294738e+00	 1.293286e+00 
9.000000e-02	 1.288227e+00	 1.286754e+00	 1.289688e+00	 1.288228e+00 
9.100000e-02	 1.283236e+00	 1.281756e+00	 1.284704e+00	 1.283237e+00 
9.200000e-02	 1.278310e+00	 1.276823e+00	 1.279784e+00	 1.278311e+00 
9.300000e-02	 1.273449e+00	 1.271956e+00	 1.274930e+00	 1.273450e+00 
9.400000e-02	 1.268652e+00	 1.267154e+00	 1.270139e+00	 1.268654e+00 
9.500000e-02	 1.263921e+00	 1.262416e+00	 1.265413e+00	 1.263922e+00 
9.600000e-02	 1.259252e+00	 1.257743e+00	 1.260750e+00	 1.259254e+00 
9.700000e-02	 1.254648e+00	 1.253134e+00	 1.256150e+00	 1.254649e+00 
9.800000e-02	 1.250106e+00	 1.248588e+00	 1.251613e+00	 1.250107e+00 
9.900000e-02	 1.245627e+00	 1.244105e+00	 1.247137e+00	 1.245629e+00 
1.000000e-01	 1.241211e+00	 1.239685e+00	 1.242724e+00	 1.241212e+00 
1.010000e-01	 1.236856e+00	 1.235327e+00	 1.238373e+00	 1.236857e+00 
1.020000e-01	 1.232563e+00	 1.231031e+00	 1.234082e+00	 1.232563e+00 
1.030000e-01	 1.228330e+00	 1.226796e+00	 1.229852e+00	 1.228331e+00 
1.040000e-01	 1.224158e+00	 1.222622e+00	 1.225681e+00	 1.224159e+00 
1.050000e-01	 1.220046e+00	 1.218509e+00	 1.221571e+00	 1.220046e+00 
1.060000e-01	 1.215993e+00	 1.214455e+00	 1.217519e+00	 1.215994e+00 
1.070000e-01	 1.212000e+00	 1.210461e+00	 1.213527e+00	 1.212000e+00 
1.080000e-01	 1.208065e+00	 1.206525e+00	 1.209592e+00	 1.208065e+00 
1.090000e-01	 1.204188e+00	 1.202648e+00	 1.205715e+00	 1.204188e+00 
1.100000e-01	 1.200368e+00	 1.198829e+00	 1.201895e+00	 1.200369e+00 
1.110000e-01	 1.196606e+00	 1.195067e+00	 1.198133e+00	 1.196606e+00 
1.120000e-01	 1.192900e+00	 1.191363e+00	 1.194426e+00	 1.192901e+00 
1.130000e-01	 1.189251e+00	 1.187714e+00	 1.190775e+00	 1.189251e+00 
1.140000e-01	 1.185656e+00	 1.184122e+00	 1.187179e+00	 1.185657e+00 
1.150000e-01	 1.182117e+00	 1.180585e+00	 1.183638e+00	 1.182118e+00 
1.160000e-01	 1.178633e+00	 1.177103e+00	 1.180151e+00	 1.178633e+00 
1.170000e-01	 1.175202e+00	 1.173675e+00	 1.176718e+00	 1.175203e+00 
1.180000e-01	 1.171825e+00	 1.170301e+00	 1.173338e+00	 1.171826e+00 
1.190000e-01	 1.168501e+00	 1.166980e+00	 1.170011e+00	 1.168501e+00 
1.200000e-01	 1.165230e+00	 1.163712e+00	 1.166736e+00	 1.165230e+00 
1.210000e-01	 1.162010e+00	 1.160497e+00	 1.163512e+00	 1.162010e+00 
1.220000e-01	 1.158842e+00	 1.157333e+00	 1.160340e+00	 1.158842e+00 
1.230000e-01	 1.155724e+00	 1.154220e+00	 1.157218e+00	 1.155724e+00 
1.240000e-01	 1.152657e+00	 1.151157e+00	 1.154146e+00	 1.152657e+00 
1.250000e-01	 1.149639e+00	 1.148145e+00	 1.151123e+00	 1.149639e+00 
1.260000e-01	 1.146671e+00	 1.145182e+00	 1.148150e+00	 1.146671e+00 
1.270000e-01	 1.143752e+00	 1.142268e+00	 1.145225e+00	 1.143751e+00 
1.280000e-01	 1.140880e+00	 1.139402e+00	 1.142348e+00	 1.140880e+00 
1.290000e-01	 1.138056e+00	 1.136585e+00	 1.139518e+00	 1.138056e+00 
1.300000e-01	 1.135279e+00	 1.133814e+00	 1.136735e+00	 1.135279e+00 
1.310000e-01	 1.132549e+00	 1.131091e+00	 1.133998e+00	 1.132549e+00 
1.320000e-01	 1.129865e+00	 1.128413e+00	 1.131307e+00	 1.129864e+00 
1.330000e-01	 1.127226e+00	 1.125781e+00	 1.128661e+00	 1.127225e+00 
1.340000e-01	 1.124632e+00	 1.123195e+00	 1.126060e+00	 1.124631e+00 
1.350000e-01	 1.122082e+00	 1.120653e+00	 1.123502e+00	 1.122082e+00 
1.360000e-01	 1.119576e+00	 1.118154e+00	 1.120989e+00	 1.119576e+00 
1.370000e-01	 1.117114e+00	 1.115700e+00	 1.118518e+00	 1.117113e+00 
1.380000e-01	 1.114694e+00	 1.113288e+00	 1.116091e+00	 1.114693e+00 
1.390000e-01	 1.112316e+00	 1.110919e+00	 1.113705e+00	 1.112315e+00 
1.400000e-01	 1.109980e+00	 1.108591e+00	 1.111360e+00	 1.109979e+00 
1.410000e-01	 1.107685e+00	 1.106305e+00	 1.109057e+00	 1.107684e+00 
1.420000e-01	 1.105431e+00	 1.104060e+00	 1.106794e+00	 1.105430e+00 
1.430000e-01	 1.103217e+00	 1.101855e+00	 1.104571e+00	 1.103216e+00 
1.440000e-01	 1.101042e+00	 1.099689e+00	 1.102387e+00	 1.101041e+00 
1.450000e-01	 1.098906e+00	 1.097563e+00	 1.100242e+00	 1.098905e+00 
1.460000e-01	 1.096809e+00	 1.095476e+00	 1.098135e+00	 1.096808e+00 
1.470000e-01	 1.094750e+00	 1.093426e+00	 1.096067e+00	 1.094749e+00 
1.480000e-01	 1.092728e+00	 1.091414e+00	 1.094035e+00	 1.092727e+00 
1.490000e-01	 1.090743e+00	 1.089439e+00	 1.092041e+00	 1.090742e+00 
1.500000e-01	 1.088795e+00	 1.087501e+00	 1.090082e+00	 1.088794e+00 
1.510000e-01	 1.086883e+00	 1.085599e+00	 1.088160e+00	 1.086882e+00 
1.520000e-01	 1.085005e+00	 1.083732e+00	 1.086272e+00	 1.085004e+00 
1.530000e-01	 1.083163e+00	 1.081901e+00	 1.084420e+00	 1.083162e+00 
1.540000e-01	 1.081356e+00	 1.080103e+00	 1.082602e+00	 1.081355e+00 
1.550000e-01	 1.079582e+00	 1.078340e+00	 1.080818e+00	 1.079581e+00 
1.560000e-01	 1.077841e+00	 1.076611e+00	 1.079067e+00	 1.077840e+00 
1.570000e-01	 1.076134e+00	 1.074914e+00	 1.077349e+00	 1.076133e+00 
1.580000e-01	 1.074459e+00	 1.073250e+00	 1.075663e+00	 1.074458e+00 
1.590000e-01	 1.072816e+00	 1.071618e+00	 1.074009e+00	 1.072815e+00 
1.600000e-01	 1.071204e+00	 1.070018e+00	 1.072387e+00	 1.071203e+00 
1.610000e-01	 1.069624e+00	 1.068448e+00	 1.070795e+00	 1.069623e+00 
1.620000e-01	 1.068074e+00	 1.066910e+00	 1.069234e+00	 1.068073e+00 
1.630000e-01	 1.066554e+00	 1.065401e+00	 1.067703e+00	 1.066553e+00 
1.640000e-01	 1.065064e+00	 1.063922e+00	 1.066201e+00	 1.065062e+00 
1.650000e-01	 1.063603e+00	 1.062472e+00	 1.064729e+00	 1.063601e+00 
1.660000e-01	 1.062170e+00	 1.061051e+00	 1.063285e+00	 1.062169e+00 
1.670000e-01	 1.060766e+00	 1.059658e+00	 1.061870e+00	 1.060765e+00 
1.680000e-01	 1.059389e+00	 1.058293e+00	 1.060482e+00	 1.059388e+00 
1.690000e-01	 1.058040e+00	 1.056956e+00	 1.059122e+00	 1.058039e+00 
1.700000e-01	 1.056718e+00	 1.055645e+00	 1.057788e+00	 1.056717e+00 
1.710000e-01	 1.055422e+00	 1.054361e+00	 1.056481e+00	 1.055421e+00 
1.720000e-01	 1.054153e+00	 1.053103e+00	 1.055200e+00	 1.054151e+00 
1.730000e-01	 1.052909e+00	 1.051871e+00	 1.053944e+00	 1.052907e+00 
1.740000e-01	 1.051690e+00	 1.050663e+00	 1.052714e+00	 1.051689e+00 
1.750000e-01	 1.050496e+00	 1.049481e+00	 1.051509e+00	 1.050494e+00 
1.760000e-01	 1.049326e+00	 1.048323e+00	 1.050327e+00	 1.049325e+00 
1.770000e-01	 1.048180e+00	 1.047189e+00	 1.049170e+00	 1.048179e+00 
1.780000e-01	 1.047058e+00	 1.046078e+00	 1.048037e+00	 1.047057e+00 
1.790000e-01	 1.045959e+00	 1.044991e+00	 1.046926e+00	 1.045958e+00 
1.800000e-01	 1.044883e+00	 1.043926e+00	 1.045838e+00	 1.044882e+00 
1.810000e-01	 1.043829e+00	 1.042884e+00	 1.044773e+00	 1.043828e+00 
1.820000e-01	 1.042797e+00	 1.041864e+00	 1.043730e+00	 1.042796e+00 
1.830000e-01	 1.041787e+00	 1.040865e+00	 1.042708e+00	 1.041785e+00 
1.840000e-01	 1.040798e+00	 1.039887e+00	 1.041708e+00	 1.040796e+00 
1.850000e-01	 1.039829e+00	 1.038930e+00	 1.040728e+00	 1.039828e+00 
1.860000e-01	 1.038882e+00	 1.037994e+00	 1.039769e+00	 1.038880e+00 
1.870000e-01	 1.037954e+00	 1.037078e+00	 1.038830e+00	 1.037953e+00 
1.880000e-01	 1.037046e+00	 1.036181e+00	 1.037911e+00	 1.037045e+00 
1.890000e-01	 1.036158e+00	 1.035304e+00	 1.037012e+00	 1.036156e+00 
1.900000e-01	 1.035288e+00	 1.034446e+00	 1.036131e+00	 1.035287e+00 
1.910000e-01	 1.034438e+00	 1.033607e+00	 1.035269e+00	 1.034436e+00 
1.920000e-01	 1.033605e+00	 1.032786e+00	 1.034426e+00	 1.033604e+00 
1.930000e-01	 1.032791e+00	 1.031982e+00	 1.033601e+00	 1.032790e+00 
1.940000e-01	 1.031995e+00	 1.031197e+00	 1.032793e+00	 1.031993e+00 
1.950000e-01	 1.031215e+00	 1.030429e+00	 1.032003e+00	 1.031214e+00 
1.960000e-01	 1.030453e+00	 1.029678e+00	 1.031230e+00	 1.030452e+00 
1.970000e-01	 1.029708e+00	 1.028943e+00	 1.030474e+00	 1.029707e+00 
1.980000e-01	 1.028979e+00	 1.028225e+00	 1.029735e+00	 1.028978e+00 
1.990000e-01	 1.028266e+00	 1.027523e+00	 1.029011e+00	 1.028265e+00 
2.000000e-01	 1.027569e+00	 1.026837e+00	 1.028304e+00	 1.027568e+00 
2.010000e-01	 1.026888e+00	 1.026166e+00	 1.027612e+00	 1.026886e+00 
2.020000e-01	 1.026221e+00	 1.025510e+00	 1.026935e+00	 1.026220e+00 
2.030000e-01	 1.025570e+00	 1.024869e+00	 1.026273e+00	 1.025569e+00 
2.040000e-01	 1.024933e+00	 1.024243e+00	 1.025626e+00	 1.024932e+00 
2.050000e-01	 1.024311e+00	 1.023630e+00	 1.024993e+00	 1.024309e+00 
2.060000e-01	 1.023702e+00	 1.023032e+00	 1.024375e+00	 1.023701e+00 
2.070000e-01	 1.023108e+00	 1.022448e+00	 1.023770e+00	 1.023107e+00 
2.080000e-01	 1.022527e+00	 1.021877e+00	 1.023179e+00	 1.022526e+00 
2.090000e-01	 1.021959e+00	 1.021319e+00	 1.022602e+00	 1.021958e+00 
2.100000e-01	 1.021404e+00	 1.020774e+00	 1.022037e+00	 1.021403e+00 
2.110000e-01	 1.020862e+00	 1.020242e+00	 1.021485e+00	 1.020861e+00 
2.120000e-01	 1.020333e+00	 1.019722e+00	 1.020946e+00	 1.020331e+00 
2.130000e-01	 1.019815e+00	 1.019215e+00	 1.020419e+00	 1.019814e+00 
2.140000e-01	 1.019310e+00	 1.018719e+00	 1.019904e+00	 1.019309e+00 
2.150000e-01	 1.018816e+00	 1.018235e+00	 1.019401e+00	 1.018815e+00 
2.160000e-01	 1.018334e+00	 1.017762e+00	 1.018910e+00	 1.018333e+00 
2.170000e-01	 1.017863e+00	 1.017300e+00	 1.018430e+00	 1.017862e+00 
2.180000e-01	 1.017403e+00	 1.016850e+00	 1.017961e+00	 1.017402e+00 
2.190000e-01	 1.016954e+00	 1.016410e+00	 1.017503e+00	 1.016953e+00 
2.200000e-01	 1.016516e+00	 1.015980e+00	 1.017056e+00	 1.016515e+00 
2.210000e-01	 1.016088e+00	 1.015561e+00	 1.016619e+00	 1.016087e+00 
2.220000e-01	 1.015670e+00	 1.015152e+00	 1.016192e+00	 1.015669e+00 
2.230000e-01	 1.015262e+00	 1.014753e+00	 1.015775e+00	 1.015261e+00 
2.240000e-01	 1.014864e+00	 1.014363e+00	 1.015369e+00	 1.014863e+00 
2.250000e-01	 1.014475e+00	 1.013983e+00	 1.014971e+00	 1.014474e+00 
2.260000e-01	 1.014096e+00	 1.013612e+00	 1.014584e+00	 1.014095e+00 
2.270000e-01	 1.013725e+00	 1.013250e+00	 1.014205e+00	 1.013724e+00 
2.280000e-01	 1.013364e+00	 1.012897e+00	 1.013835e+00	 1.013363e+00 
2.290000e-01	 1.013011e+00	 1.012552e+00	 1.013475e+00	 1.013010e+00 
2.300000e-01	 1.012667e+00	 1.012216e+00	 1.013123e+00	 1.012666e+00 
2.310000e-01	 1.012332e+00	 1.011889e+00	 1.012779e+00	 1.012331e+00 
2.320000e-01	 1.012004e+00	 1.011569e+00	 1.012444e+00	 1.012003e+00 
2.330000e-01	 1.011685e+00	 1.011257e+00	 1.012117e+00	 1.011684e+00 
2.340000e-01	 1.011373e+00	 1.010953e+00	 1.011797e+00	 1.011372e+00 
2.350000e-01	 1.011069e+00	 1.010657e+00	 1.011486e+00	 1.011068e+00 
2.360000e-01	 1.010772e+00	 1.010368e+00	 1.011182e+00	 1.010771e+00 
2.370000e-01	 1.010483e+00	 1.010086e+00	 1.010885e+00	 1.010482e+00 
2.380000e-01	 1.010201e+00	 1.009811e+00	 1.010596e+00	 1.010200e+00 
2.390000e-01	 1.009926e+00	 1.009543e+00	 1.010314e+00	 1.009925e+00 
2.400000e-01	 1.009658e+00	 1.009282e+00	 1.010038e+00	 1.009657e+00 
2.410000e-01	 1.009396e+00	 1.009028e+00	 1.009770e+00	 1.009396e+00 
2.420000e-01	 1.009141e+00	 1.008780e+00	 1.009508e+00	 1.009141e+00 
2.430000e-01	 1.008893e+00	 1.008538e+00	 1.009253e+00	 1.008892e+00 
2.440000e-01	 1.008651e+00	 1.008302e+00	 1.009004e+00	 1.008650e+00 
2.450000e-01	 1.008414e+00	 1.008073e+00	 1.008761e+00	 1.008414e+00 
2.460000e-01	 1.008184e+00	 1.007849e+00	 1.008524e+00	 1.008183e+00 
2.470000e-01	 1.007960e+00	 1.007631e+00	 1.008294e+00	 1.007959e+00 
2.480000e-01	 1.007741e+00	 1.007419e+00	 1.008069e+00	 1.007740e+00 
2.490000e-01	 1.007528e+00	 1.007212e+00	 1.007849e+00	 1.007527e+00 
2.500000e-01	 1.007320e+00	 1.007010e+00	 1.007635e+00	 1.007320e+00 
2.510000e-01	 1.007118e+00	 1.006814e+00	 1.007427e+00	 1.007117e+00 
2.520000e-01	 1.006921e+00	 1.006623e+00	 1.007224e+00	 1.006920e+00 
2.530000e-01	 1.006729e+00	 1.006437e+00	 1.007026e+00	 1.006728e+00 
2.540000e-01	 1.006542e+00	 1.006255e+00	 1.006833e+00	 1.006541e+00 
2.550000e-01	 1.006360e+00	 1.006079e+00	 1.006645e+00	 1.006359e+00 
2.560000e-01	 1.006182e+00	 1.005907e+00	 1.006462e+00	 1.006181e+00 
2.570000e-01	 1.006009e+00	 1.005739e+00	 1.006284e+00	 1.006008e+00 
2.580000e-01	 1.005841e+00	 1.005576e+00	 1.006110e+00	 1.005840e+00 
2.590000e-01	 1.005677e+00	 1.005418e+00	 1.005940e+00	 1.005676e+00 
2.600000e-01	 1.005517e+00	 1.005263e+00	 1.005775e+00	 1.005516e+00 
2.610000e-01	 1.005361e+00	 1.005113e+00	 1.005615e+00	 1.005361e+00 
2.620000e-01	 1.005210e+00	 1.004966e+00	 1.005458e+00	 1.005209e+00 
2.630000e-01	 1.005062e+00	 1.004824e+00	 1.005305e+00	 1.005062e+00 
2.640000e-01	 1.004919e+00	 1.004685e+00	 1.005157e+00	 1.004918e+00 
2.650000e-01	 1.004779e+00	 1.004550e+00	 1.005012e+00	 1.004778e+00 
2.660000e-01	 1.004643e+00	 1.004419e+00	 1.004872e+00	 1.004642e+00 
2.670000e-01	 1.004511e+00	 1.004291e+00	 1.004734e+00	 1.004510e+00 
2.680000e-01	 1.004382e+00	 1.004167e+00	 1.004601e+00	 1.004381e+00 
2.690000e-01	 1.004256e+00	 1.004046e+00	 1.004471e+00	 1.004256e+00 
2.700000e-01	 1.004134e+00	 1.003928e+00	 1.004344e+00	 1.004134e+00 
2.710000e-01	 1.004015e+00	 1.003814e+00	 1.004221e+00	 1.004015e+00 
2.720000e-01	 1.003900e+00	 1.003703e+00	 1.004101e+00	 1.003899e+00 
2.730000e-01	 1.003787e+00	 1.003594e+00	 1.003984e+00	 1.003787e+00 
2.740000e-01	 1.003678e+00	 1.003489e+00	 1.003871e+00	 1.003677e+00 
2.750000e-01	 1.003571e+00	 1.003387e+00	 1.003760e+00	 1.003571e+00 
2.760000e-01	 1.003468e+00	 1.003287e+00	 1.003653e+00	 1.003467e+00 
2.770000e-01	 1.003367e+00	 1.003190e+00	 1.003548e+00	 1.003366e+00 
2.780000e-01	 1.003269e+00	 1.003096e+00	 1.003446e+00	 1.003268e+00 
2.790000e-01	 1.003173e+00	 1.003004e+00	 1.003347e+00	 1.003173e+00 
2.800000e-01	 1.003081e+00	 1.002915e+00	 1.003250e+00	 1.003080e+00 
2.810000e-01	 1.002991e+00	 1.002829e+00	 1.003156e+00	 1.002990e+00 
2.820000e-01	 1.002903e+00	 1.002745e+00	 1.003065e+00	 1.002902e+00 
2.830000e-01	 1.002818e+00	 1.002663e+00	 1.002976e+00	 1.002817e+00 
2.840000e-01	 1.002735e+00	 1.002583e+00	 1.002890e+00	 1.002734e+00 
2.850000e-01	 1.002654e+00	 1.002506e+00	 1.002806e+00	 1.002654e+00 
2.860000e-01	 1.002576e+00	 1.002431e+00	 1.002724e+00	 1.002575e+00 
2.870000e-01	 1.002499e+00	 1.002358e+00	 1.002644e+00	 1.002499e+00 
2.880000e-01	 1.002425e+00	 1.002287e+00	 1.002567e+00	 1.002425e+00 
2.890000e-01	 1.002353e+00	 1.002218e+00	 1.002492e+00	 1.002353e+00 
2.900000e-01	 1.002283e+00	 1.002151e+00	 1.002419e+00	 1.002283e+00 
2.910000e-01	 1.002215e+00	 1.002086e+00	 1.002348e+00	 1.002215e+00 
2.920000e-01	 1.002149e+00	 1.002023e+00	 1.002279e+00	 1.002149e+00 
2.930000e-01	 1.002085e+00	 1.001962e+00	 1.002211e+00	 1.002084e+00 
2.940000e-01	 1.002022e+00	 1.001902e+00	 1.002146e+00	 1.002022e+00 
2.950000e-01	 1.001962e+00	 1.001844e+00	 1.002082e+00	 1.001961e+00 
2.960000e-01	 1.001903e+00	 1.001788e+00	 1.002021e+00	 1.001902e+00 
2.970000e-01	 1.001845e+00	 1.001733e+00	 1.001961e+00	 1.001845e+00 
2.980000e-01	 1.001790e+00	 1.001680e+00	 1.001902e+00	 1.001789e+00 
2.990000e-01	 1.001735e+00	 1.001629e+00	 1.001846e+00	 1.001735e+00 
3.000000e-01	 1.001683e+00	 1.001579e+00	 1.001791e+00	 1.001683e+00 
3.010000e-01	 1.001632e+00	 1.001530e+00	 1.001737e+00	 1.001632e+00 
3.020000e-01	 1.001582e+00	 1.001483e+00	 1.001685e+00	 1.001582e+00 
3.030000e-01	 1.001534e+00	 1.001437e+00	 1.001634e+00	 1.001534e+00 
3.040000e-01	 1.001487e+00	 1.001393e+00	 1.001585e+00	 1.001487e+00 
3.050000e-01	 1.001442e+00	 1.001350e+00	 1.001538e+00	 1.001442e+00 
3.060000e-01	 1.001398e+00	 1.001308e+00	 1.001491e+00	 1.001398e+00 
3.070000e-01	 1.001355e+00	 1.001267e+00	 1.001446e+00	 1.001355e+00 
3.080000e-01	 1.001313e+00	 1.001228e+00	 1.001402e+00	 1.001313e+00 
3.090000e-01	 1.001273e+00	 1.001189e+00	 1.001360e+00	 1.001273e+00 
3.100000e-01	 1.001234e+00	 1.001152e+00	 1.001319e+00	 1.001234e+00 
3.110000e-01	 1.001196e+00	 1.001116e+00	 1.001279e+00	 1.001196e+00 
3.120000e-01	 1.001159e+00	 1.001081e+00	 1.001240e+00	 1.001159e+00 
3.130000e-01	 1.001123e+00	 1.001047e+00	 1.001202e+00	 1.001123e+00 
3.140000e-01	 1.001088e+00	 1.001014e+00	 1.001165e+00	 1.001088e+00 
3.150000e-01	 1.001054e+00	 1.000982e+00	 1.001130e+00	 1.001054e+00 
3.160000e-01	 1.001022e+00	 1.000951e+00	 1.001095e+00	 1.001021e+00 
3.170000e-01	 1.000990e+00	 1.000921e+00	 1.001061e+00	 1.000990e+00 
3.180000e-01	 1.000959e+00	 1.000892e+00	 1.001029e+00	 1.000959e+00 
3.190000e-01	 1.000929e+00	 1.000864e+00	 1.000997e+00	 1.000929e+00 
3.200000e-01	 1.000900e+00	 1.000836e+00	 1.000966e+00	 1.000900e+00 
3.210000e-01	 1.000872e+00	 1.000810e+00	 1.000936e+00	 1.000872e+00 
3.220000e-01	 1.000844e+00	 1.000784e+00	 1.000907e+00	 1.000844e+00 
3.230000e-01	 1.000818e+00	 1.000759e+00	 1.000879e+00	 1.000818e+00 
3.240000e-01	 1.000792e+00	 1.000735e+00	 1.000852e+00	 1.000792e+00 
3.250000e-01	 1.000767e+00	 1.000711e+00	 1.000826e+00	 1.000767e+00 
3.260000e-01	 1.000743e+00	 1.000688e+00	 1.000800e+00	 1.000743e+00 
3.270000e-01	 1.000719e+00	 1.000666e+00	 1.000775e+00	 1.000719e+00 
3.280000e-01	 1.000697e+00	 1.000645e+00	 1.000751e+00	 1.000696e+00 
3.290000e-01	 1.000674e+00	 1.000624e+00	 1.000727e+00	 1.000674e+00 
3.300000e-01	 1.000653e+00	 1.000604e+00	 1.000704e+00	 1.000653e+00 
3.310000e-01	 1.000632e+00	 1.000584e+00	 1.000682e+00	 1.000632e+00 
3.320000e-01	 1.000612e+00	 1.000565e+00	 1.000661e+00	 1.000612e+00 
3.330000e-01	 1.000593e+00	 1.000547e+00	 1.000640e+00	 1.000592e+00 
3.340000e-01	 1.000574e+00	 1.000529e+00	 1.000620e+00	 1.000573e+00 
3.350000e-01	 1.000555e+00	 1.000512e+00	 1.000600e+00	 1.000555e+00 
3.360000e-01	 1.000537e+00	 1.000495e+00	 1.000581e+00	 1.000537e+00 
3.370000e-01	 1.000520e+00	 1.000479e+00	 1.000563e+00	 1.000520e+00 
3.380000e-01	 1.000503e+00	 1.000464e+00	 1.000545e+00	 1.000503e+00 
3.390000e-01	 1.000487e+00	 1.000448e+00	 1.000528e+00	 1.000487e+00 
3.400000e-01	 1.000471e+00	 1.000434e+00	 1.000511e+00	 1.000471e+00 
3.410000e-01	 1.000456e+00	 1.000419e+00	 1.000495e+00	 1.000456e+00 
3.420000e-01	 1.000441e+00	 1.000406e+00	 1.000479e+00	 1.000441e+00 
3.430000e-01	 1.000427e+00	 1.000392e+00	 1.000464e+00	 1.000427e+00 
3.440000e-01	 1.000413e+00	 1.000379e+00	 1.000449e+00	 1.000413e+00 
3.450000e-01	 1.000400e+00	 1.000367e+00	 1.000435e+00	 1.000400e+00 
3.460000e-01	 1.000387e+00	 1.000355e+00	 1.000421e+00	 1.000387e+00 
3.470000e-01	 1.000374e+00	 1.000343e+00	 1.000407e+00	 1.000374e+00 
3.480000e-01	 1.000362e+00	 1.000332e+00	 1.000394e+00	 1.000362e+00 
3.490000e-01	 1.000350e+00	 1.000320e+00	 1.000381e+00	 1.000350e+00 
3.500000e-01	 1.000339e+00	 1.000310e+00	 1.000369e+00	 1.000339e+00 
3.510000e-01	 1.000328e+00	 1.000300e+00	 1.000357e+00	 1.000327e+00 
3.520000e-01	 1.000317e+00	 1.000290e+00	 1.000346e+00	 1.000317e+00 
3.530000e-01	 1.000306e+00	 1.000280e+00	 1.000334e+00	 1.000306e+00 
3.540000e-01	 1.000296e+00	 1.000270e+00	 1.000324e+00	 1.000296e+00 
3.550000e-01	 1.000286e+00	 1.000261e+00	 1.000313e+00	 1.000286e+00 
3.560000e-01	 1.000277e+00	 1.000253e+00	 1.000303e+00	 1.000277e+00 
3.570000e-01	 1.000268e+00	 1.000244e+00	 1.000293e+00	 1.000268e+00 
3.580000e-01	 1.000259e+00	 1.000236e+00	 1.000283e+00	 1.000259e+00 
3.590000e-01	 1.000250e+00	 1.000228e+00	 1.000274e+00	 1.000250e+00 
3.600000e-01	 1.000242e+00	 1.000220e+00	 1.000265e+00	 1.000242e+00 
3.610000e-01	 1.000234e+00	 1.000213e+00	 1.000256e+00	 1.000234e+00 
3.620000e-01	 1.000226e+00	 1.000206e+00	 1.000248e+00	 1.000226e+00 
3.630000e-01	 1.000219e+00	 1.000199e+00	 1.000240e+00	 1.000219e+00 
3.640000e-01	 1.000211e+00	 1.000192e+00	 1.000232e+00	 1.000211e+00 
3.650000e-01	 1.000204e+00	 1.000185e+00	 1.000224e+00	 1.000204e+00 
3.660000e-01	 1.000197e+00	 1.000179e+00	 1.000217e+00	 1.000197e+00 
3.670000e-01	 1.000191e+00	 1.000173e+00	 1.000210e+00	 1.000191e+00 
3.680000e-01	 1.000184e+00	 1.000167e+00	 1.000203e+00	 1.000184e+00 
3.690000e-01	 1.000178e+00	 1.000161e+00	 1.000196e+00	 1.000178e+00 
3.700000e-01	 1.000172e+00	 1.000156e+00	 1.000190e+00	 1.000172e+00 
3.710000e-01	 1.000166e+00	 1.000150e+00	 1.000183e+00	 1.000166e+00 
3.720000e-01	 1.000161e+00	 1.000145e+00	 1.000177e+00	 1.000161e+00 
3.730000e-01	 1.000155e+00	 1.000140e+00	 1.000171e+00	 1.000155e+00 
3.740000e-01	 1.000150e+00	 1.000135e+00	 1.000166e+00	 1.000150e+00 
3.750000e-01	 1.000145e+00	 1.000131e+00	 1.000160e+00	 1.000145e+00 
3.760000e-01	 1.000140e+00	 1.000126e+00	 1.000155e+00	 1.000140e+00 
3.770000e-01	 1.000135e+00	 1.000122e+00	 1.000150e+00	 1.000135e+00 
3.780000e-01	 1.000131e+00	 1.000118e+00	 1.000145e+00	 1.000131e+00 
3.790000e-01	 1.000126e+00	 1.000114e+00	 1.000140e+00	 1.000126e+00 
3.800000e-01	 1.000122e+00	 1.000110e+00	 1.000135e+00	 1.000122e+00 
3.810000e-01	 1.000118e+00	 1.000106e+00	 1.000130e+00	 1.000118e+00 
3.820000e-01	 1.000114e+00	 1.000102e+00	 1.000126e+00	 1.000114e+00 
3.830000e-01	 1.000110e+00	 1.000099e+00	 1.000122e+00	 1.000110e+00 
3.840000e-01	 1.000106e+00	 1.000095e+00	 1.000118e+00	 1.000106e+00 
3.850000e-01	 1.000102e+00	 1.000092e+00	 1.000114e+00	 1.000102e+00 
3.860000e-01	 1.000099e+00	 1.000089e+00	 1.000110e+00	 1.000099e+00 
3.870000e-01	 1.000095e+00	 1.000085e+00	 1.000106e+00	 1.000095e+00 
3.880000e-01	 1.000092e+00	 1.000082e+00	 1.000103e+00	 1.000092e+00 
3.890000e-01	 1.000089e+00	 1.000080e+00	 1.000099e+00	 1.000089e+00 
3.900000e-01	 1.000086e+00	 1.000077e+00	 1.000096e+00	 1.000086e+00 
3.910000e-01	 1.000083e+00	 1.000074e+00	 1.000092e+00	 1.000083e+00 
3.920000e-01	 1.000080e+00	 1.000071e+00	 1.000089e+00	 1.000080e+00 
3.930000e-01	 1.000077e+00	 1.000069e+00	 1.000086e+00	 1.000077e+00 
3.940000e-01	 1.000075e+00	 1.000066e+00	 1.000083e+00	 1.000075e+00 
3.950000e-01	 1.000072e+00	 1.000064e+00	 1.000080e+00	 1.000072e+00 
3.960000e-01	 1.000069e+00	 1.000062e+00	 1.000078e+00	 1.000069e+00 
3.970000e-01	 1.000067e+00	 1.000060e+00	 1.000075e+00	 1.000067e+00 
3.980000e-01	 1.000065e+00	 1.000058e+00	 1.000072e+00	 1.000065e+00 
3.990000e-01	 1.000062e+00	 1.000055e+00	 1.000070e+00	 1.000062e+00 
4.000000e-01	 1.000060e+00	 1.000054e+00	 1.000067e+00	 1.000060e+00 
4.010000e-01	 1.000058e+00	 1.000052e+00	 1.000065e+00	 1.000058e+00 
4.020000e-01	 1.000056e+00	 1.000050e+00	 1.000063e+00	 1.000056e+00 
4.030000e-01	 1.000054e+00	 1.000048e+00	 1.000061e+00	 1.000054e+00 
4.040000e-01	 1.000052e+00	 1.000046e+00	 1.000059e+00	 1.000052e+00 
4.050000e-01	 1.000050e+00	 1.000045e+00	 1.000057e+00	 1.000050e+00 
4.060000e-01	 1.000049e+00	 1.000043e+00	 1.000055e+00	 1.000049e+00 
4.070000e-01	 1.000047e+00	 1.000041e+00	 1.000053e+00	 1.000047e+00 
4.080000e-01	 1.000045e+00	 1.000040e+00	 1.000051e+00	 1.000045e+00 
4.090000e-01	 1.000044e+00	 1.000039e+00	 1.000049e+00	 1.000044e+00 
4.100000e-01	 1.000042e+00	 1.000037e+00	 1.000047e+00	 1.000042e+00 
4.110000e-01	 1.000041e+00	 1.000036e+00	 1.000046e+00	 1.000041e+00 
4.120000e-01	 1.000039e+00	 1.000034e+00	 1.000044e+00	 1.000039e+00 
4.130000e-01	 1.000038e+00	 1.000033e+00	 1.000043e+00	 1.000038e+00 
4.140000e-01	 1.000036e+00	 1.000032e+00	 1.000041e+00	 1.000036e+00 
4.150000e-01	 1.000035e+00	 1.000031e+00	 1.000040e+00	 1.000035e+00 
4.160000e-01	 1.000034e+00	 1.000030e+00	 1.000038e+00	 1.000034e+00 
4.170000e-01	 1.000033e+00	 1.000029e+00	 1.000037e+00	 1.000033e+00 
4.180000e-01	 1.000031e+00	 1.000028e+00	 1.000036e+00	 1.000031e+00 
4.190000e-01	 1.000030e+00	 1.000027e+00	 1.000034e+00	 1.000030e+00 
4.200000e-01	 1.000029e+00	 1.000026e+00	 1.000033e+00	 1.000029e+00 
4.210000e-01	 1.000028e+00	 1.000025e+00	 1.000032e+00	 1.000028e+00 
4.220000e-01	 1.000027e+00	 1.000024e+00	 1.000031e+00	 1.000027e+00 
4.230000e-01	 1.000026e+00	 1.000023e+00	 1.000030e+00	 1.000026e+00 
4.240000e-01	 1.000025e+00	 1.000022e+00	 1.000029e+00	 1.000025e+00 
4.250000e-01	 1.000024e+00	 1.000021e+00	 1.000028e+00	 1.000024e+00 
4.260000e-01	 1.000023e+00	 1.000020e+00	 1.000027e+00	 1.000023e+00 
4.270000e-01	 1.000023e+00	 1.000020e+00	 1.000026e+00	 1.000023e+00 
4.280000e-01	 1.000022e+00	 1.000019e+00	 1.000025e+00	 1.000022e+00 
4.290000e-01	 1.000021e+00	 1.000018e+00	 1.000024e+00	 1.000021e+00 
4.300000e-01	 1.000020e+00	 1.000018e+00	 1.000023e+00	 1.000020e+00 
4.310000e-01	 1.000019e+00	 1.000017e+00	 1.000022e+00	 1.000019e+00 
4.320000e-01	 1.000019e+00	 1.000016e+00	 1.000021e+00	 1.000019e+00 
4.330000e-01	 1.000018e+00	 1.000016e+00	 1.000021e+00	 1.000018e+00 
4.340000e-01	 1.000017e+00	 1.000015e+00	 1.000020e+00	 1.000017e+00 
4.350000e-01	 1.000017e+00	 1.000015e+00	 1.000019e+00	 1.000017e+00 
4.360000e-01	 1.000016e+00	 1.000014e+00	 1.000019e+00	 1.000016e+00 
4.370000e-01	 1.000016e+00	 1.000014e+00	 1.000018e+00	 1.000016e+00 
4.380000e-01	 1.000015e+00	 1.000013e+00	 1.000017e+00	 1.000015e+00 
4.390000e-01	 1.000014e+00	 1.000013e+00	 1.000017e+00	 1.000014e+00 
4.400000e-01	 1.000014e+00	 1.000012e+00	 1.000016e+00	 1.000014e+00 
4.410000e-01	 1.000013e+00	 1.000012e+00	 1.000015e+00	 1.000013e+00 
4.420000e-01	 1.000013e+00	 1.000011e+00	 1.000015e+00	 1.000013e+00 
4.430000e-01	 1.000012e+00	 1.000011e+00	 1.000014e+00	 1.000012e+00 
4.440000e-01	 1.000012e+00	 1.000010e+00	 1.000014e+00	 1.000012e+00 
4.450000e-01	 1.000012e+00	 1.000010e+00	 1.000013e+00	 1.000012e+00 
4.460000e-01	 1.000011e+00	 1.000010e+00	 1.000013e+00	 1.000011e+00 
4.470000e-01	 1.000011e+00	 1.000009e+00	 1.000012e+00	 1.000011e+00 
4.480000e-01	 1.000010e+00	 1.000009e+00	 1.000012e+00	 1.000010e+00 
4.490000e-01	 1.000010e+00	 1.000009e+00	 1.000011e+00	 1.000010e+00 
4.500000e-01	 1.000010e+00	 1.000008e+00	 1.000011e+00	 1.000010e+00 
4.510000e-01	 1.000009e+00	 1.000008e+00	 1.000011e+00	 1.000009e+00 
4.520000e-01	 1.000009e+00	 1.000008e+00	 1.000010e+00	 1.000009e+00 
4.530000e-01	 1.000009e+00	 1.000007e+00	 1.000010e+00	 1.000009e+00 
4.540000e-01	 1.000008e+00	 1.000007e+00	 1.000010e+00	 1.000008e+00 
4.550000e-01	 1.000008e+00	 1.000007e+00	 1.000009e+00	 1.000008e+00 
4.560000e-01	 1.000008e+00	 1.000006e+00	 1.000009e+00	 1.000008e+00 
4.570000e-01	 1.000007e+00	 1.000006e+00	 1.000009e+00	 1.000007e+00 
4.580000e-01	 1.000007e+00	 1.000006e+00	 1.000008e+00	 1.000007e+00 
4.590000e-01	 1.000007e+00	 1.000006e+00	 1.000008e+00	 1.000007e+00 
4.600000e-01	 1.000007e+00	 1.000006e+00	 1.000008e+00	 1.000007e+00 
4.610000e-01	 1.000006e+00	 1.000005e+00	 1.000007e+00	 1.000006e+00 
4.620000e-01	 1.000006e+00	 1.000005e+00	 1.000007e+00	 1.000006e+00 
4.630000e-01	 1.000006e+00	 1.000005e+00	 1.000007e+00	 1.000006e+00 
4.640000e-01	 1.000006e+00	 1.000005e+00	 1.000007e+00	 1.000006e+00 
4.650000e-01	 1.000005e+00	 1.000005e+00	 1.000006e+00	 1.000005e+00 
4.660000e-01	 1.000005e+00	 1.000004e+00	 1.000006e+00	 1.000005e+00 
4.670000e-01	 1.000005e+00	 1.000004e+00	 1.000006e+00	 1.000005e+00 
4.680000e-01	 1.000005e+00	 1.000004e+00	 1.000006e+00	 1.000005e+00 
4.690000e-01	 1.000005e+00	 1.000004e+00	 1.000005e+00	 1.000005e+00 
4.700000e-01	 1.000004e+00	 1.000004e+00	 1.000005e+00	 1.000004e+00 
4.710000e-01	 1.000004e+00	 1.000004e+00	 1.000005e+00	 1.000004e+00 
4.720000e-01	 1.000004e+00	 1.000003e+00	 1.000005e+00	 1.000004e+00 
4.730000e-01	 1.000004e+00	 1.000003e+00	 1.000005e+00	 1.000004e+00 
4.740000e-01	 1.000004e+00	 1.000003e+00	 1.000004e+00	 1.000004e+00 
4.750000e-01	 1.000004e+00	 1.000003e+00	 1.000004e+00	 1.000004e+00 
4.760000e-01	 1.000004e+00	 1.000003e+00	 1.000004e+00	 1.000004e+00 
4.770000e-01	 1.000003e+00	 1.000003e+00	 1.000004e+00	 1.000003e+00 
4.780000e-01	 1.000003e+00	 1.000003e+00	 1.000004e+00	 1.000003e+00 
4.790000e-01	 1.000003e+00	 1.000003e+00	 1.000004e+00	 1.000003e+00 
4.800000e-01	 1.000003e+00	 1.000003e+00	 1.000004e+00	 1.000003e+00 
4.810000e-01	 1.000003e+00	 1.000002e+00	 1.000003e+00	 1.000003e+00 
4.820000e-01	 1.000003e+00	 1.000002e+00	 1.000003e+00	 1.000003e+00 
4.830000e-01	 1.000003e+00	 1.000002e+00	 1.000003e+00	 1.000003e+00 
4.840000e-01	 1.000003e+00	 1.000002e+00	 1.000003e+00	 1.000003e+00 
4.850000e-01	 1.000002e+00	 1.000002e+00	 1.000003e+00	 1.000002e+00 
4.860000e-01	 1.000002e+00	 1.000002e+00	 1.000003e+00	 1.000002e+00 
4.870000e-01	 1.000002e+00	 1.000002e+00	 1.000003e+00	 1.000002e+00 
4.880000e-01	 1.000002e+00	 1.000002e+00	 1.000003e+00	 1.000002e+00 
4.890000e-01	 1.000002e+00	 1.000002e+00	 1.000003e+00	 1.000002e+00 
4.900000e-01	 1.000002e+00	 1.000002e+00	 1.000002e+00	 1.000002e+00 
4.910000e-01	 1.000002e+00	 1.000002e+00	 1.000002e+00	 1.000002e+00 
4.920000e-01	 1.000002e+00	 1.000002e+00	 1.000002e+00	 1.000002e+00 
4.930000e-01	 1.000002e+00	 1.000001e+00	 1.000002e+00	 1.000002e+00 
4.940000e-01	 1.000002e+00	 1.000001e+00	 1.000002e+00	 1.000002e+00 
4.950000e-01	 1.000002e+00	 1.000001e+00	 1.000002e+00	 1.000002e+00 
4.960000e-01	 1.000002e+00	 1.000001e+00	 1.000002e+00	 1.000002e+00 
4.970000e-01	 1.000002e+00	 1.000001e+00	 1.000002e+00	 1.000002e+00 
4.980000e-01	 1.000001e+00	 1.000001e+00	 1.000002e+00	 1.000001e+00 
4.990000e-01	 1.000001e+00	 1.000001e+00	 1.000002e+00	 1.000001e+00 
5.000000e-01	 1.000001e+00	 1.000001e+00	 1.000002e+00	 1.000001e+00 
5.010000e-01	 1.000001e+00	 1.000001e+00	 1.000002e+00	 1.000001e+00 
5.020000e-01	 1.000001e+00	 1.000001e+00	 1.000002e+00	 1.000001e+00 
5.030000e-01	 1.000001e+00	 1.000001e+00	 1.000001e+00	 1.000001e+00 
5.040000e-01	 1.000001e+00	 1.000001e+00	 1.000001e+00	 1.000001e+00 
5.050000e-01	 1.000001e+00	 1.000001e+00	 1.000001e+00	 1.000001e+00 
5.060000e-01	 1.000001e+00	 1.000001e+00	 1.000001e+00	 1.000001e+00 
5.070000e-01	 1.000001e+00	 1.000001e+00	 1.000001e+00	 1.000001e+00 
5.080000e-01	 1.000001e+00	 1.000001e+00	 1.000001e+00	 1.000001e+00 
5.090000e-01	 1.000001e+00	 1.000001e+00	 1.000001e+00	 1.000001e+00 
5.100000e-01	 1.000001e+00	 1.000001e+00	 1.000001e+00	 1.000001e+00 
5.110000e-01	 1.000001e+00	 1.000001e+00	 1.000001e+00	 1.000001e+00 
5.120000e-01	 1.000001e+00	 1.000001e+00	 1.000001e+00	 1.000001e+00 
5.130000e-01	 1.000001e+00	 1.000001e+00	 1.000001e+00	 1.000001e+00 
5.140000e-01	 1.000001e+00	 1.000001e+00	 1.000001e+00	 1.000001e+00 
5.150000e-01	 1.000001e+00	 1.000001e+00	 1.000001e+00	 1.000001e+00 
5.160000e-01	 1.000001e+00	 1.000001e+00	 1.000001e+00	 1.000001e+00 
5.170000e-01	 1.000001e+00	 1.000001e+00	 1.000001e+00	 1.000001e+00 
5.180000e-01	 1.000001e+00	 1.000001e+00	 1.000001e+00	 1.000001e+00 
5.190000e-01	 1.000001e+00	 1.000001e+00	 1.000001e+00	 1.000001e+00 
5.200000e-01	 1.000001e+00	 1.000000e+00	 1.000001e+00	 1.000001e+00 
5.210000e-01	 1.000001e+00	 1.000000e+00	 1.000001e+00	 1.000001e+00 
5.220000e-01	 1.000001e+00	 1.000000e+00	 1.000001e+00	 1.000001e+00 
5.230000e-01	 1.000001e+00	 1.000000e+00	 1.000001e+00	 1.000001e+00 
5.240000e-01	 1.000001e+00	 1.000000e+00	 1.000001e+00	 1.000001e+00 
5.250000e-01	 1.000000e+00	 1.000000e+00	 1.000001e+00	 1.000000e+00 
5.260000e-01	 1.000000e+00	 1.000000e+00	 1.000001e+00	 1.000000e+00 
5.270000e-01	 1.000000e+00	 1.000000e+00	 1.000001e+00	 1.000000e+00 
5.280000e-01	 1.000000e+00	 1.000000e+00	 1.000001e+00	 1.000000e+00 
5.290000e-01	 1.000000e+00	 1.000000e+00	 1.000001e+00	 1.000000e+00 
5.300000e-01	 1.000000e+00	 1.000000e+00	 1.000000e+00	 1.000000e+00 
5.310000e-01	 1.000000e+00	 1.000000e+00	 1.000000e+00	 1.000000e+00 
5.320000e-01	 1.000000e+00	 1.000000e+00	 1.000000e+00	 1.000000e+00 
5.330000e-01	 1.000000e+00	 1.000000e+00	 1.000000e+00	 1.000000e+00 
5.340000e-01	 1.000000e+00	 1.000000e+00	 1.000000e+00	 1.000000e+00 
5.350000e-01	 1.000000e+00	 1.000000e+00	 1.000000e+00	 1.000000e+00 
5.360000e-01	 1.000000e+00	 1.000000e+00	 1.000000e+00	 1.000000e+00 
5.370000e-01	 1.000000e+00	 1.000000e+00	 1.000000e+00	 1.000000e+00 
5.380000e-01	 1.000000e+00	 1.000000e+00	 1.000000e+00	 1.000000e+00 
5.390000e-01	 1.000000e+00	 1.000000e+00	 1.000000e+00	 1.000000e+00 
5.400000e-01	 1.000000e+00	 1.000000e+00	 1.000000e+00	 1.000000e+00 
5.410000e-01	 1.000000e+00	 1.000000e+00	 1.000000e+00	 1.000000e+00 
5.420000e-01	 1.000000e+00	 1.000000e+00	 1.000000e+00	 1.000000e+00 
5.430000e-01	 1.000000e+00	 1.000000e+00	 1.000000e+00	 1.000000e+00 
5.440000e-01	 1.000000e+00	 1.000000e+00	 1.000000e+00	 1.000000e+00 
5.450000e-01	 1.000000e+00	 1.000000e+00	 1.000000e+00	 1.000000e+00 
5.460000e-01	 1.000000e+00	 1.000000e+00	 1.000000e+00	 1.000000e+00 
5.470000e-01	 1.000000e+00	 1.000000e+00	 1.000000e+00	 1.000000e+00 
5.480000e-01	 1.000000e+00	 1.000000e+00	 1.000000e+00	 1.000000e+00 
5.490000e-01	 1.000000e+00	 1.000000e+00	 1.000000e+00	 1.000000e+00 
5.500000e-01	 1.000000e+00	 1.000000e+00	 1.000000e+00	 1.000000e+00 
5.510000e-01	 1.000000e+00	 1.000000e+00	 1.000000e+00	 1.000000e+00 
5.520000e-01	 1.000000e+00	 1.000000e+00	 1.000000e+00	 1.000000e+00 
5.530000e-01	 1.000000e+00	 1.000000e+00	 1.000000e+00	 1.000000e+00 
5.540000e-01	 1.000000e+00	 1.000000e+00	 1.000000e+00	 1.000000e+00 
5.550000e-01	 1.000000e+00	 1.000000e+00	 1.000000e+00	 1.000000e+00 
5.560000e-01	 1.000000e+00	 1.000000e+00	 1.000000e+00	 1.000000e+00 
5.570000e-01	 1.000000e+00	 1.000000e+00	 1.000000e+00	 1.000000e+00 
5.580000e-01	 1.000000e+00	 1.000000e+00	 1.000000e+00	 1.000000e+00 
5.590000e-01	 1.000000e+00	 1.000000e+00	 1.000000e+00	 1.000000e+00 
5.600000e-01	 1.000000e+00	 1.000000e+00	 1.000000e+00	 1.000000e+00 
5.610000e-01	 1.000000e+00	 1.000000e+00	 1.000000e+00	 1.000000e+00 
5.620000e-01	 1.000000e+00	 1.000000e+00	 1.000000e+00	 1.000000e+00 
5.630000e-01	 1.000000e+00	 1.000000e+00	 1.000000e+00	 1.000000e+00 
5.640000e-01	 1.000000e+00	 1.000000e+00	 1.000000e+00	 1.000000e+00 
5.650000e-01	 1.000000e+00	 1.000000e+00	 1.000000e+00	 1.000000e+00 
5.660000e-01	 1.000000e+00	 1.000000e+00	 1.000000e+00	 1.000000e+00 
5.670000e-01	 1.000000e+00	 1.000000e+00	 1.000000e+00	 1.000000e+00 
5.680000e-01	 1.000000e+00	 1.000000e+00	 1.000000e+00	 1.000000e+00 
5.690000e-01	 1.000000e+00	 1.000000e+00	 1.000000e+00	 1.000000e+00 
5.700000e-01	 1.000000e+00	 1.000000e+00	 1.000000e+00	 1.000000e+00 
5.710000e-01	 1.000000e+00	 1.000000e+00	 1.000000e+00	 1.000000e+00 
5.720000e-01	 1.000000e+00	 1.000000e+00	 1.000000e+00	 1.000000e+00 
5.730000e-01	 1.000000e+00	 1.000000e+00	 1.000000e+00	 1.000000e+00 
5.740000e-01	 1.000000e+00	 1.000000e+00	 1.000000e+00	 1.000000e+00 
5.750000e-01	 1.000000e+00	 1.000000e+00	 1.000000e+00	 1.000000e+00 
5.760000e-01	 1.000000e+00	 1.000000e+00	 1.000000e+00	 1.000000e+00 
5.770000e-01	 1.000000e+00	 1.000000e+00	 1.000000e+00	 1.000000e+00 
5.780000e-01	 1.000000e+00	 1.000000e+00	 1.000000e+00	 1.000000e+00 
5.790000e-01	 1.000000e+00	 1.000000e+00	 1.000000e+00	 1.000000e+00 
5.800000e-01	 1.000000e+00	 1.000000e+00	 1.000000e+00	 1.000000e+00 
5.810000e-01	 1.000000e+00	 1.000000e+00	 1.000000e+00	 1.000000e+00 
5.820000e-01	 1.000000e+00	 1.000000e+00	 1.000000e+00	 1.000000e+00 
5.830000e-01	 1.000000e+00	 1.000000e+00	 1.000000e+00	 1.000000e+00 
5.840000e-01	 1.000000e+00	 1.000000e+00	 1.000000e+00	 1.000000e+00 
5.850000e-01	 1.000000e+00	 1.000000e+00	 1.000000e+00	 1.000000e+00 
5.860000e-01	 1.000000e+00	 1.000000e+00	 1.000000e+00	 1.000000e+00 
5.870000e-01	 1.000000e+00	 1.000000e+00	 1.000000e+00	 1.000000e+00 
5.880000e-01	 1.000000e+00	 1.000000e+00	 1.000000e+00	 1.000000e+00 
5.890000e-01	 1.000000e+00	 1.000000e+00	 1.000000e+00	 1.000000e+00 
5.900000e-01	 1.000000e+00	 1.000000e+00	 1.000000e+00	 1.000000e+00 
5.910000e-01	 1.000000e+00	 1.000000e+00	 1.000000e+00	 1.000000e+00 
5.920000e-01	 1.000000e+00	 1.000000e+00	 1.000000e+00	 1.000000e+00 
5.930000e-01	 1.000000e+00	 1.000000e+00	 1.000000e+00	 1.000000e+00 
5.940000e-01	 1.000000e+00	 1.000000e+00	 1.000000e+00	 1.000000e+00 
5.950000e-01	 1.000000e+00	 1.000000e+00	 1.000000e+00	 1.000000e+00 
5.960000e-01	 1.000000e+00	 1.000000e+00	 1.000000e+00	 1.000000e+00 
5.970000e-01	 1.000000e+00	 1.000000e+00	 1.000000e+00	 1.000000e+00 
5.980000e-01	 1.000000e+00	 1.000000e+00	 1.000000e+00	 1.000000e+00 
5.990000e-01	 1.000000e+00	 1.000000e+00	 1.000000e+00	 1.000000e+00 
6.000000e-01	 1.000000e+00	 1.000000e+00	 1.000000e+00	 1.000000e+00 
6.010000e-01	 1.000000e+00	 1.000000e+00	 1.000000e+00	 1.000000e+00 
6.020000e-01	 1.000000e+00	 1.000000e+00	 1.000000e+00	 1.000000e+00 
6.030000e-01	 1.000000e+00	 1.000000e+00	 1.000000e+00	 1.000000e+00 
6.040000e-01	 1.000000e+00	 1.000000e+00	 1.000000e+00	 1.000000e+00 
6.050000e-01	 1.000000e+00	 1.000000e+00	 1.000000e+00	 1.000000e+00 
6.060000e-01	 1.000000e+00	 1.000000e+00	 1.000000e+00	 1.000000e+00 
6.070000e-01	 1.000000e+00	 1.000000e+00	 1.000000e+00	 1.000000e+00 
6.080000e-01	 1.000000e+00	 1.000000e+00	 1.000000e+00	 1.000000e+00 
6.090000e-01	 1.000000e+00	 1.000000e+00	 1.000000e+00	 1.000000e+00 
6.100000e-01	 1.000000e+00	 1.000000e+00	 1.000000e+00	 1.000000e+00 
6.110000e-01	 1.000000e+00	 1.000000e+00	 1.000000e+00	 1.000000e+00 
6.120000e-01	 1.000000e+00	 1.000000e+00	 1.000000e+00	 1.000000e+00 
6.130000e-01	 1.000000e+00	 1.000000e+00	 1.000000e+00	 1.000000e+00 
6.140000e-01	 1.000000e+00	 1.000000e+00	 1.000000e+00	 1.000000e+00 
6.150000e-01	 1.000000e+00	 1.000000e+00	 1.000000e+00	 1.000000e+00 
6.160000e-01	 1.000000e+00	 1.000000e+00	 1.000000e+00	 1.000000e+00 
6.170000e-01	 1.000000e+00	 1.000000e+00	 1.000000e+00	 1.000000e+00 
6.180000e-01	 1.000000e+00	 1.000000e+00	 1.000000e+00	 1.000000e+00 
6.190000e-01	 1.000000e+00	 1.000000e+00	 1.000000e+00	 1.000000e+00 
6.200000e-01	 1.000000e+00	 1.000000e+00	 1.000000e+00	 1.000000e+00 
6.210000e-01	 1.000000e+00	 1.000000e+00	 1.000000e+00	 1.000000e+00 
6.220000e-01	 1.000000e+00	 1.000000e+00	 1.000000e+00	 1.000000e+00 
6.230000e-01	 1.000000e+00	 1.000000e+00	 1.000000e+00	 1.000000e+00 
6.240000e-01	 1.000000e+00	 1.000000e+00	 1.000000e+00	 1.000000e+00 
6.250000e-01	 1.000000e+00	 1.000000e+00	 1.000000e+00	 1.000000e+00 
6.260000e-01	 1.000000e+00	 1.000000e+00	 1.000000e+00	 1.000000e+00 
6.270000e-01	 1.000000e+00	 1.000000e+00	 1.000000e+00	 1.000000e+00 
6.280000e-01	 1.000000e+00	 1.000000e+00	 1.000000e+00	 1.000000e+00 
6.290000e-01	 1.000000e+00	 1.000000e+00	 1.000000e+00	 1.000000e+00 
6.300000e-01	 1.000000e+00	 1.000000e+00	 1.000000e+00	 1.000000e+00 
6.310000e-01	 1.000000e+00	 1.000000e+00	 1.000000e+00	 1.000000e+00 
6.320000e-01	 1.000000e+00	 1.000000e+00	 1.000000e+00	 1.000000e+00 
6.330000e-01	 1.000000e+00	 1.000000e+00	 1.000000e+00	 1.000000e+00 
6.340000e-01	 1.000000e+00	 1.000000e+00	 1.000000e+00	 1.000000e+00 
6.350000e-01	 1.000000e+00	 1.000000e+00	 1.000000e+00	 1.000000e+00 
6.360000e-01	 1.000000e+00	 1.000000e+00	 1.000000e+00	 1.000000e+00 
6.370000e-01	 1.000000e+00	 1.000000e+00	 1.000000e+00	 1.000000e+00 
6.380000e-01	 1.000000e+00	 1.000000e+00	 1.000000e+00	 1.000000e+00 
6.390000e-01	 1.000000e+00	 1.000000e+00	 1.000000e+00	 1.000000e+00 
6.400000e-01	 1.000000e+00	 1.000000e+00	 1.000000e+00	 1.000000e+00 
6.410000e-01	 1.000000e+00	 1.000000e+00	 1.000000e+00	 1.000000e+00 
6.420000e-01	 1.000000e+00	 1.000000e+00	 1.000000e+00	 1.000000e+00 
6.430000e-01	 1.000000e+00	 1.000000e+00	 1.000000e+00	 1.000000e+00 
6.440000e-01	 1.000000e+00	 1.000000e+00	 1.000000e+00	 1.000000e+00 
6.450000e-01	 1.000000e+00	 1.000000e+00	 1.000000e+00	 1.000000e+00 
6.460000e-01	 1.000000e+00	 1.000000e+00	 1.000000e+00	 1.000000e+00 
6.470000e-01	 1.000000e+00	 1.000000e+00	 1.000000e+00	 1.000000e+00 
6.480000e-01	 1.000000e+00	 1.000000e+00	 1.000000e+00	 1.000000e+00 
6.490000e-01	 1.000000e+00	 1.000000e+00	 1.000000e+00	 1.000000e+00 
6.500000e-01	 1.000000e+00	 1.000000e+00	 1.000000e+00	 1.000000e+00 
6.510000e-01	 1.000000e+00	 1.000000e+00	 1.000000e+00	 1.000000e+00 
6.520000e-01	 1.000000e+00	 1.000000e+00	 1.000000e+00	 1.000000e+00 
6.530000e-01	 1.000000e+00	 1.000000e+00	 1.000000e+00	 1.000000e+00 
6.540000e-01	 1.000000e+00	 1.000000e+00	 1.000000e+00	 1.000000e+00 
6.550000e-01	 1.000000e+00	 1.000000e+00	 1.000000e+00	 1.000000e+00 
6.560000e-01	 1.000000e+00	 1.000000e+00	 1.000000e+00	 1.000000e+00 
6.570000e-01	 1.000000e+00	 1.000000e+00	 1.000000e+00	 1.000000e+00 
6.580000e-01	 1.000000e+00	 1.000000e+00	 1.000000e+00	 1.000000e+00 
6.590000e-01	 1.000000e+00	 1.000000e+00	 1.000000e+00	 1.000000e+00 
6.600000e-01	 1.000000e+00	 1.000000e+00	 1.000000e+00	 1.000000e+00 
6.610000e-01	 1.000000e+00	 1.000000e+00	 1.000000e+00	 1.000000e+00 
6.620000e-01	 1.000000e+00	 1.000000e+00	 1.000000e+00	 1.000000e+00 
6.630000e-01	 1.000000e+00	 1.000000e+00	 1.000000e+00	 1.000000e+00 
6.640000e-01	 1.000000e+00	 1.000000e+00	 1.000000e+00	 1.000000e+00 
6.650000e-01	 1.000000e+00	 1.000000e+00	 1.000000e+00	 1.000000e+00 
6.660000e-01	 1.000000e+00	 1.000000e+00	 1.000000e+00	 1.000000e+00 
6.670000e-01	 1.000000e+00	 1.000000e+00	 1.000000e+00	 1.000000e+00 
6.680000e-01	 1.000000e+00	 1.000000e+00	 1.000000e+00	 1.000000e+00 
6.690000e-01	 1.000000e+00	 1.000000e+00	 1.000000e+00	 1.000000e+00 
6.700000e-01	 1.000000e+00	 1.000000e+00	 1.000000e+00	 1.000000e+00 
6.710000e-01	 1.000000e+00	 1.000000e+00	 1.000000e+00	 1.000000e+00 
6.720000e-01	 1.000000e+00	 1.000000e+00	 1.000000e+00	 1.000000e+00 
6.730000e-01	 1.000000e+00	 1.000000e+00	 1.000000e+00	 1.000000e+00 
6.740000e-01	 1.000000e+00	 1.000000e+00	 1.000000e+00	 1.000000e+00 
6.750000e-01	 1.000000e+00	 1.000000e+00	 1.000000e+00	 1.000000e+00 
6.760000e-01	 1.000000e+00	 1.000000e+00	 1.000000e+00	 1.000000e+00 
6.770000e-01	 1.000000e+00	 1.000000e+00	 1.000000e+00	 1.000000e+00 
6.780000e-01	 1.000000e+00	 1.000000e+00	 1.000000e+00	 1.000000e+00 
6.790000e-01	 1.000000e+00	 1.000000e+00	 1.000000e+00	 1.000000e+00 
6.800000e-01	 1.000000e+00	 1.000000e+00	 1.000000e+00	 1.000000e+00 
6.810000e-01	 1.000000e+00	 1.000000e+00	 1.000000e+00	 1.000000e+00 
6.820000e-01	 1.000000e+00	 1.000000e+00	 1.000000e+00	 1.000000e+00 
6.830000e-01	 1.000000e+00	 1.000000e+00	 1.000000e+00	 1.000000e+00 
6.840000e-01	 1.000000e+00	 1.000000e+00	 1.000000e+00	 1.000000e+00 
6.850000e-01	 1.000000e+00	 1.000000e+00	 1.000000e+00	 1.000000e+00 
6.860000e-01	 1.000000e+00	 1.000000e+00	 1.000000e+00	 1.000000e+00 
6.870000e-01	 1.000000e+00	 1.000000e+00	 1.000000e+00	 1.000000e+00 
6.880000e-01	 1.000000e+00	 1.000000e+00	 1.000000e+00	 1.000000e+00 
6.890000e-01	 1.000000e+00	 1.000000e+00	 1.000000e+00	 1.000000e+00 
6.900000e-01	 1.000000e+00	 1.000000e+00	 1.000000e+00	 1.000000e+00 
6.910000e-01	 1.000000e+00	 1.000000e+00	 1.000000e+00	 1.000000e+00 
6.920000e-01	 1.000000e+00	 1.000000e+00	 1.000000e+00	 1.000000e+00 
6.930000e-01	 1.000000e+00	 1.000000e+00	 1.000000e+00	 1.000000e+00 
6.940000e-01	 1.000000e+00	 1.000000e+00	 1.000000e+00	 1.000000e+00 
6.950000e-01	 1.000000e+00	 1.000000e+00	 1.000000e+00	 1.000000e+00 
6.960000e-01	 1.000000e+00	 1.000000e+00	 1.000000e+00	 1.000000e+00 
6.970000e-01	 1.000000e+00	 1.000000e+00	 1.000000e+00	 1.000000e+00 
6.980000e-01	 1.000000e+00	 1.000000e+00	 1.000000e+00	 1.000000e+00 
6.990000e-01	 1.000000e+00	 1.000000e+00	 1.000000e+00	 1.000000e+00 
7.000000e-01	 1.000000e+00	 1.000000e+00	 1.000000e+00	 1.000000e+00 
7.010000e-01	 1.000000e+00	 1.000000e+00	 1.000000e+00	 1.000000e+00 
7.020000e-01	 1.000000e+00	 1.000000e+00	 1.000000e+00	 1.000000e+00 
7.030000e-01	 1.000000e+00	 1.000000e+00	 1.000000e+00	 1.000000e+00 
7.040000e-01	 1.000000e+00	 1.000000e+00	 1.000000e+00	 1.000000e+00 
7.050000e-01	 1.000000e+00	 1.000000e+00	 1.000000e+00	 1.000000e+00 
7.060000e-01	 1.000000e+00	 1.000000e+00	 1.000000e+00	 1.000000e+00 
7.070000e-01	 1.000000e+00	 1.000000e+00	 1.000000e+00	 1.000000e+00 
7.080000e-01	 1.000000e+00	 1.000000e+00	 1.000000e+00	 1.000000e+00 
7.090000e-01	 1.000000e+00	 1.000000e+00	 1.000000e+00	 1.000000e+00 
7.100000e-01	 1.000000e+00	 1.000000e+00	 1.000000e+00	 1.000000e+00 
7.110000e-01	 1.000000e+00	 1.000000e+00	 1.000000e+00	 1.000000e+00 
7.120000e-01	 1.000000e+00	 1.000000e+00	 1.000000e+00	 1.000000e+00 
7.130000e-01	 1.000000e+00	 1.000000e+00	 1.000000e+00	 1.000000e+00 
7.140000e-01	 1.000000e+00	 1.000000e+00	 1.000000e+00	 1.000000e+00 
7.150000e-01	 1.000000e+00	 1.000000e+00	 1.000000e+00	 1.000000e+00 
7.160000e-01	 1.000000e+00	 1.000000e+00	 1.000000e+00	 1.000000e+00 
7.170000e-01	 1.000000e+00	 1.000000e+00	 1.000000e+00	 1.000000e+00 
7.180000e-01	 1.000000e+00	 1.000000e+00	 1.000000e+00	 1.000000e+00 
7.190000e-01	 1.000000e+00	 1.000000e+00	 1.000000e+00	 1.000000e+00 
7.200000e-01	 1.000000e+00	 1.000000e+00	 1.000000e+00	 1.000000e+00 
7.210000e-01	 1.000000e+00	 1.000000e+00	 1.000000e+00	 1.000000e+00 
7.220000e-01	 1.000000e+00	 1.000000e+00	 1.000000e+00	 1.000000e+00 
7.230000e-01	 1.000000e+00	 1.000000e+00	 1.000000e+00	 1.000000e+00 
7.240000e-01	 1.000000e+00	 1.000000e+00	 1.000000e+00	 1.000000e+00 
7.250000e-01	 1.000000e+00	 1.000000e+00	 1.000000e+00	 1.000000e+00 
7.260000e-01	 1.000000e+00	 1.000000e+00	 1.000000e+00	 1.000000e+00 
7.270000e-01	 1.000000e+00	 1.000000e+00	 1.000000e+00	 1.000000e+00 
7.280000e-01	 1.000000e+00	 1.000000e+00	 1.000000e+00	 1.000000e+00 
7.290000e-01	 1.000000e+00	 1.000000e+00	 1.000000e+00	 1.000000e+00 
7.300000e-01	 1.000000e+00	 1.000000e+00	 1.000000e+00	 1.000000e+00 
7.310000e-01	 1.000000e+00	 1.000000e+00	 1.000000e+00	 1.000000e+00 
7.320000e-01	 1.000000e+00	 1.000000e+00	 1.000000e+00	 1.000000e+00 
7.330000e-01	 1.000000e+00	 1.000000e+00	 1.000000e+00	 1.000000e+00 
7.340000e-01	 1.000000e+00	 1.000000e+00	 1.000000e+00	 1.000000e+00 
7.350000e-01	 1.000000e+00	 1.000000e+00	 1.000000e+00	 1.000000e+00 
7.360000e-01	 1.000000e+00	 1.000000e+00	 1.000000e+00	 1.000000e+00 
7.370000e-01	 1.000000e+00	 1.000000e+00	 1.000000e+00	 1.000000e+00 
7.380000e-01	 1.000000e+00	 1.000000e+00	 1.000000e+00	 1.000000e+00 
7.390000e-01	 1.000000e+00	 1.000000e+00	 1.000000e+00	 1.000000e+00 
7.400000e-01	 1.000000e+00	 1.000000e+00	 1.000000e+00	 1.000000e+00 
7.410000e-01	 1.000000e+00	 1.000000e+00	 1.000000e+00	 1.000000e+00 
7.420000e-01	 1.000000e+00	 1.000000e+00	 1.000000e+00	 1.000000e+00 
7.430000e-01	 1.000000e+00	 1.000000e+00	 1.000000e+00	 1.000000e+00 
7.440000e-01	 1.000000e+00	 1.000000e+00	 1.000000e+00	 1.000000e+00 
7.450000e-01	 1.000000e+00	 1.000000e+00	 1.000000e+00	 1.000000e+00 
7.460000e-01	 1.000000e+00	 1.000000e+00	 1.000000e+00	 1.000000e+00 
7.470000e-01	 1.000000e+00	 1.000000e+00	 1.000000e+00	 1.000000e+00 
7.480000e-01	 1.000000e+00	 1.000000e+00	 1.000000e+00	 1.000000e+00 
7.490000e-01	 1.000000e+00	 1.000000e+00	 1.000000e+00	 1.000000e+00 
7.500000e-01	 1.000000e+00	 1.000000e+00	 1.000000e+00	 1.000000e+00 
7.510000e-01	 1.000000e+00	 1.000000e+00	 1.000000e+00	 1.000000e+00 
7.520000e-01	 1.000000e+00	 1.000000e+00	 1.000000e+00	 1.000000e+00 
7.530000e-01	 1.000000e+00	 1.000000e+00	 1.000000e+00	 1.000000e+00 
7.540000e-01	 1.000000e+00	 1.000000e+00	 1.000000e+00	 1.000000e+00 
7.550000e-01	 1.000000e+00	 1.000000e+00	 1.000000e+00	 1.000000e+00 
7.560000e-01	 1.000000e+00	 1.000000e+00	 1.000000e+00	 1.000000e+00 
7.570000e-01	 1.000000e+00	 1.000000e+00	 1.000000e+00	 1.000000e+00 
7.580000e-01	 1.000000e+00	 1.000000e+00	 1.000000e+00	 1.000000e+00 
7.590000e-01	 1.000000e+00	 1.000000e+00	 1.000000e+00	 1.000000e+00 
7.600000e-01	 1.000000e+00	 1.000000e+00	 1.000000e+00	 1.000000e+00 
7.610000e-01	 1.000000e+00	 1.000000e+00	 1.000000e+00	 1.000000e+00 
7.620000e-01	 1.000000e+00	 1.000000e+00	 1.000000e+00	 1.000000e+00 
7.630000e-01	 1.000000e+00	 1.000000e+00	 1.000000e+00	 1.000000e+00 
7.640000e-01	 1.000000e+00	 1.000000e+00	 1.000000e+00	 1.000000e+00 
7.650000e-01	 1.000000e+00	 1.000000e+00	 1.000000e+00	 1.000000e+00 
7.660000e-01	 1.000000e+00	 1.000000e+00	 1.000000e+00	 1.000000e+00 
7.670000e-01	 1.000000e+00	 1.000000e+00	 1.000000e+00	 1.000000e+00 
7.680000e-01	 1.000000e+00	 1.000000e+00	 1.000000e+00	 1.000000e+00 
7.690000e-01	 1.000000e+00	 1.000000e+00	 1.000000e+00	 1.000000e+00 
7.700000e-01	 1.000000e+00	 1.000000e+00	 1.000000e+00	 1.000000e+00 
7.710000e-01	 1.000000e+00	 1.000000e+00	 1.000000e+00	 1.000000e+00 
7.720000e-01	 1.000000e+00	 1.000000e+00	 1.000000e+00	 1.000000e+00 
7.730000e-01	 1.000000e+00	 1.000000e+00	 1.000000e+00	 1.000000e+00 
7.740000e-01	 1.000000e+00	 1.000000e+00	 1.000000e+00	 1.000000e+00 
7.750000e-01	 1.000000e+00	 1.000000e+00	 1.000000e+00	 1.000000e+00 
7.760000e-01	 1.000000e+00	 1.000000e+00	 1.000000e+00	 1.000000e+00 
7.770000e-01	 1.000000e+00	 1.000000e+00	 1.000000e+00	 1.000000e+00 
7.780000e-01	 1.000000e+00	 1.000000e+00	 1.000000e+00	 1.000000e+00 
7.790000e-01	 1.000000e+00	 1.000000e+00	 1.000000e+00	 1.000000e+00 
7.800000e-01	 1.000000e+00	 1.000000e+00	 1.000000e+00	 1.000000e+00 
7.810000e-01	 1.000000e+00	 1.000000e+00	 1.000000e+00	 1.000000e+00 
7.820000e-01	 1.000000e+00	 1.000000e+00	 1.000000e+00	 1.000000e+00 
7.830000e-01	 1.000000e+00	 1.000000e+00	 1.000000e+00	 1.000000e+00 
7.840000e-01	 1.000000e+00	 1.000000e+00	 1.000000e+00	 1.000000e+00 
7.850000e-01	 1.000000e+00	 1.000000e+00	 1.000000e+00	 1.000000e+00 
7.860000e-01	 1.000000e+00	 1.000000e+00	 1.000000e+00	 1.000000e+00 
7.870000e-01	 1.000000e+00	 1.000000e+00	 1.000000e+00	 1.000000e+00 
7.880000e-01	 1.000000e+00	 1.000000e+00	 1.000000e+00	 1.000000e+00 
7.890000e-01	 1.000000e+00	 1.000000e+00	 1.000000e+00	 1.000000e+00 
7.900000e-01	 1.000000e+00	 1.000000e+00	 1.000000e+00	 1.000000e+00 
7.910000e-01	 1.000000e+00	 1.000000e+00	 1.000000e+00	 1.000000e+00 
7.920000e-01	 1.000000e+00	 1.000000e+00	 1.000000e+00	 1.000000e+00 
7.930000e-01	 1.000000e+00	 1.000000e+00	 1.000000e+00	 1.000000e+00 
7.940000e-01	 1.000000e+00	 1.000000e+00	 1.000000e+00	 1.000000e+00 
7.950000e-01	 1.000000e+00	 1.000000e+00	 1.000000e+00	 1.000000e+00 
7.960000e-01	 1.000000e+00	 1.000000e+00	 1.000000e+00	 1.000000e+00 
7.970000e-01	 1.000000e+00	 1.000000e+00	 1.000000e+00	 1.000000e+00 
7.980000e-01	 1.000000e+00	 1.000000e+00	 1.000000e+00	 1.000000e+00 
7.990000e-01	 1.000000e+00	 1.000000e+00	 1.000000e+00	 1.000000e+00 
8.000000e-01	 1.000000e+00	 1.000000e+00	 1.000000e+00	 1.000000e+00 
8.010000e-01	 1.000000e+00	 1.000000e+00	 1.000000e+00	 1.000000e+00 
8.020000e-01	 1.000000e+00	 1.000000e+00	 1.000000e+00	 1.000000e+00 
8.030000e-01	 1.000000e+00	 1.000000e+00	 1.000000e+00	 1.000000e+00 
8.040000e-01	 1.000000e+00	 1.000000e+00	 1.000000e+00	 1.000000e+00 
8.050000e-01	 1.000000e+00	 1.000000e+00	 1.000000e+00	 1.000000e+00 
8.060000e-01	 1.000000e+00	 1.000000e+00	 1.000000e+00	 1.000000e+00 
8.070000e-01	 1.000000e+00	 1.000000e+00	 1.000000e+00	 1.000000e+00 
8.080000e-01	 1.000000e+00	 1.000000e+00	 1.000000e+00	 1.000000e+00 
8.090000e-01	 1.000000e+00	 1.000000e+00	 1.000000e+00	 1.000000e+00 
8.100000e-01	 1.000000e+00	 1.000000e+00	 1.000000e+00	 1.000000e+00 
8.110000e-01	 1.000000e+00	 1.000000e+00	 1.000000e+00	 1.000000e+00 
8.120000e-01	 1.000000e+00	 1.000000e+00	 1.000000e+00	 1.000000e+00 
8.130000e-01	 1.000000e+00	 1.000000e+00	 1.000000e+00	 1.000000e+00 
8.140000e-01	 1.000000e+00	 1.000000e+00	 1.000000e+00	 1.000000e+00 
8.150000e-01	 1.000000e+00	 1.000000e+00	 1.000000e+00	 1.000000e+00 
8.160000e-01	 1.000000e+00	 1.000000e+00	 1.000000e+00	 1.000000e+00 
8.170000e-01	 1.000000e+00	 1.000000e+00	 1.000000e+00	 1.000000e+00 
8.180000e-01	 1.000000e+00	 1.000000e+00	 1.000000e+00	 1.000000e+00 
8.190000e-01	 1.000000e+00	 1.000000e+00	 1.000000e+00	 1.000000e+00 
8.200000e-01	 1.000000e+00	 1.000000e+00	 1.000000e+00	 1.000000e+00 
8.210000e-01	 1.000000e+00	 1.000000e+00	 1.000000e+00	 1.000000e+00 
8.220000e-01	 1.000000e+00	 1.000000e+00	 1.000000e+00	 1.000000e+00 
8.230000e-01	 1.000000e+00	 1.000000e+00	 1.000000e+00	 1.000000e+00 
8.240000e-01	 1.000000e+00	 1.000000e+00	 1.000000e+00	 1.000000e+00 
8.250000e-01	 1.000000e+00	 1.000000e+00	 1.000000e+00	 1.000000e+00 
8.260000e-01	 1.000000e+00	 1.000000e+00	 1.000000e+00	 1.000000e+00 
8.270000e-01	 1.000000e+00	 1.000000e+00	 1.000000e+00	 1.000000e+00 
8.280000e-01	 1.000000e+00	 1.000000e+00	 1.000000e+00	 1.000000e+00 
8.290000e-01	 1.000000e+00	 1.000000e+00	 1.000000e+00	 1.000000e+00 
8.300000e-01	 1.000000e+00	 1.000000e+00	 1.000000e+00	 1.000000e+00 
8.310000e-01	 1.000000e+00	 1.000000e+00	 1.000000e+00	 1.000000e+00 
8.320000e-01	 1.000000e+00	 1.000000e+00	 1.000000e+00	 1.000000e+00 
8.330000e-01	 1.000000e+00	 1.000000e+00	 1.000000e+00	 1.000000e+00 
8.340000e-01	 1.000000e+00	 1.000000e+00	 1.000000e+00	 1.000000e+00 
8.350000e-01	 1.000000e+00	 1.000000e+00	 1.000000e+00	 1.000000e+00 
8.360000e-01	 1.000000e+00	 1.000000e+00	 1.000000e+00	 1.000000e+00 
8.370000e-01	 1.000000e+00	 1.000000e+00	 1.000000e+00	 1.000000e+00 
8.380000e-01	 1.000000e+00	 1.000000e+00	 1.000000e+00	 1.000000e+00 
8.390000e-01	 1.000000e+00	 1.000000e+00	 1.000000e+00	 1.000000e+00 
8.400000e-01	 1.000000e+00	 1.000000e+00	 1.000000e+00	 1.000000e+00 
8.410000e-01	 1.000000e+00	 1.000000e+00	 1.000000e+00	 1.000000e+00 
8.420000e-01	 1.000000e+00	 1.000000e+00	 1.000000e+00	 1.000000e+00 
8.430000e-01	 1.000000e+00	 1.000000e+00	 1.000000e+00	 1.000000e+00 
8.440000e-01	 1.000000e+00	 1.000000e+00	 1.000000e+00	 1.000000e+00 
8.450000e-01	 1.000000e+00	 1.000000e+00	 1.000000e+00	 1.000000e+00 
8.460000e-01	 1.000000e+00	 1.000000e+00	 1.000000e+00	 1.000000e+00 
8.470000e-01	 1.000000e+00	 1.000000e+00	 1.000000e+00	 1.000000e+00 
8.480000e-01	 1.000000e+00	 1.000000e+00	 1.000000e+00	 1.000000e+00 
8.490000e-01	 1.000000e+00	 1.000000e+00	 1.000000e+00	 1.000000e+00 
8.500000e-01	 1.000000e+00	 1.000000e+00	 1.000000e+00	 1.000000e+00 
8.510000e-01	 1.000000e+00	 1.000000e+00	 1.000000e+00	 1.000000e+00 
8.520000e-01	 1.000000e+00	 1.000000e+00	 1.000000e+00	 1.000000e+00 
8.530000e-01	 1.000000e+00	 1.000000e+00	 1.000000e+00	 1.000000e+00 
8.540000e-01	 1.000000e+00	 1.000000e+00	 1.000000e+00	 1.000000e+00 
8.550000e-01	 1.000000e+00	 1.000000e+00	 1.000000e+00	 1.000000e+00 
8.560000e-01	 1.000000e+00	 1.000000e+00	 1.000000e+00	 1.000000e+00 
8.570000e-01	 1.000000e+00	 1.000000e+00	 1.000000e+00	 1.000000e+00 
8.580000e-01	 1.000000e+00	 1.000000e+00	 1.000000e+00	 1.000000e+00 
8.590000e-01	 1.000000e+00	 1.000000e+00	 1.000000e+00	 1.000000e+00 
8.600000e-01	 1.000000e+00	 1.000000e+00	 1.000000e+00	 1.000000e+00 
8.610000e-01	 1.000000e+00	 1.000000e+00	 1.000000e+00	 1.000000e+00 
8.620000e-01	 1.000000e+00	 1.000000e+00	 1.000000e+00	 1.000000e+00 
8.630000e-01	 1.000000e+00	 1.000000e+00	 1.000000e+00	 1.000000e+00 
8.640000e-01	 1.000000e+00	 1.000000e+00	 1.000000e+00	 1.000000e+00 
8.650000e-01	 1.000000e+00	 1.000000e+00	 1.000000e+00	 1.000000e+00 
8.660000e-01	 1.000000e+00	 1.000000e+00	 1.000000e+00	 1.000000e+00 
8.670000e-01	 1.000000e+00	 1.000000e+00	 1.000000e+00	 1.000000e+00 
8.680000e-01	 1.000000e+00	 1.000000e+00	 1.000000e+00	 1.000000e+00 
8.690000e-01	 1.000000e+00	 1.000000e+00	 1.000000e+00	 1.000000e+00 
8.700000e-01	 1.000000e+00	 1.000000e+00	 1.000000e+00	 1.000000e+00 
8.710000e-01	 1.000000e+00	 1.000000e+00	 1.000000e+00	 1.000000e+00 
8.720000e-01	 1.000000e+00	 1.000000e+00	 1.000000e+00	 1.000000e+00 
8.730000e-01	 1.000000e+00	 1.000000e+00	 1.000000e+00	 1.000000e+00 
8.740000e-01	 1.000000e+00	 1.000000e+00	 1.000000e+00	 1.000000e+00 
8.750000e-01	 1.000000e+00	 1.000000e+00	 1.000000e+00	 1.000000e+00 
8.760000e-01	 1.000000e+00	 1.000000e+00	 1.000000e+00	 1.000000e+00 
8.770000e-01	 1.000000e+00	 1.000000e+00	 1.000000e+00	 1.000000e+00 
8.780000e-01	 1.000000e+00	 1.000000e+00	 1.000000e+00	 1.000000e+00 
8.790000e-01	 1.000000e+00	 1.000000e+00	 1.000000e+00	 1.000000e+00 
8.800000e-01	 1.000000e+00	 1.000000e+00	 1.000000e+00	 1.000000e+00 
8.810000e-01	 1.000000e+00	 1.000000e+00	 1.000000e+00	 1.000000e+00 
8.820000e-01	 1.000000e+00	 1.000000e+00	 1.000000e+00	 1.000000e+00 
8.830000e-01	 1.000000e+00	 1.000000e+00	 1.000000e+00	 1.000000e+00 
8.840000e-01	 1.000000e+00	 1.000000e+00	 1.000000e+00	 1.000000e+00 
8.850000e-01	 1.000000e+00	 1.000000e+00	 1.000000e+00	 1.000000e+00 
8.860000e-01	 1.000000e+00	 1.000000e+00	 1.000000e+00	 1.000000e+00 
8.870000e-01	 1.000000e+00	 1.000000e+00	 1.000000e+00	 1.000000e+00 
8.880000e-01	 1.000000e+00	 1.000000e+00	 1.000000e+00	 1.000000e+00 
8.890000e-01	 1.000000e+00	 1.000000e+00	 1.000000e+00	 1.000000e+00 
8.900000e-01	 1.000000e+00	 1.000000e+00	 1.000000e+00	 1.000000e+00 
8.910000e-01	 1.000000e+00	 1.000000e+00	 1.000000e+00	 1.000000e+00 
8.920000e-01	 1.000000e+00	 1.000000e+00	 1.000000e+00	 1.000000e+00 
8.930000e-01	 1.000000e+00	 1.000000e+00	 1.000000e+00	 1.000000e+00 
8.940000e-01	 1.000000e+00	 1.000000e+00	 1.000000e+00	 1.000000e+00 
8.950000e-01	 1.000000e+00	 1.000000e+00	 1.000000e+00	 1.000000e+00 
8.960000e-01	 1.000000e+00	 1.000000e+00	 1.000000e+00	 1.000000e+00 
8.970000e-01	 1.000000e+00	 1.000000e+00	 1.000000e+00	 1.000000e+00 
8.980000e-01	 1.000000e+00	 1.000000e+00	 1.000000e+00	 1.000000e+00 
8.990000e-01	 1.000000e+00	 1.000000e+00	 1.000000e+00	 1.000000e+00 
9.000000e-01	 1.000000e+00	 1.000000e+00	 1.000000e+00	 1.000000e+00 
9.010000e-01	 1.000000e+00	 1.000000e+00	 1.000000e+00	 1.000000e+00 
9.020000e-01	 1.000000e+00	 1.000000e+00	 1.000000e+00	 1.000000e+00 
9.030000e-01	 1.000000e+00	 1.000000e+00	 1.000000e+00	 1.000000e+00 
9.040000e-01	 1.000000e+00	 1.000000e+00	 1.000000e+00	 1.000000e+00 
9.050000e-01	 1.000000e+00	 1.000000e+00	 1.000000e+00	 1.000000e+00 
9.060000e-01	 1.000000e+00	 1.000000e+00	 1.000000e+00	 1.000000e+00 
9.070000e-01	 1.000000e+00	 1.000000e+00	 1.000000e+00	 1.000000e+00 
9.080000e-01	 1.000000e+00	 1.000000e+00	 1.000000e+00	 1.000000e+00 
9.090000e-01	 1.000000e+00	 1.000000e+00	 1.000000e+00	 1.000000e+00 
9.100000e-01	 1.000000e+00	 1.000000e+00	 1.000000e+00	 1.000000e+00 
9.110000e-01	 1.000000e+00	 1.000000e+00	 1.000000e+00	 1.000000e+00 
9.120000e-01	 1.000000e+00	 1.000000e+00	 1.000000e+00	 1.000000e+00 
9.130000e-01	 1.000000e+00	 1.000000e+00	 1.000000e+00	 1.000000e+00 
9.140000e-01	 1.000000e+00	 1.000000e+00	 1.000000e+00	 1.000000e+00 
9.150000e-01	 1.000000e+00	 1.000000e+00	 1.000000e+00	 1.000000e+00 
9.160000e-01	 1.000000e+00	 1.000000e+00	 1.000000e+00	 1.000000e+00 
9.170000e-01	 1.000000e+00	 1.000000e+00	 1.000000e+00	 1.000000e+00 
9.180000e-01	 1.000000e+00	 1.000000e+00	 1.000000e+00	 1.000000e+00 
9.190000e-01	 1.000000e+00	 1.000000e+00	 1.000000e+00	 1.000000e+00 
9.200000e-01	 1.000000e+00	 1.000000e+00	 1.000000e+00	 1.000000e+00 
9.210000e-01	 1.000000e+00	 1.000000e+00	 1.000000e+00	 1.000000e+00 
9.220000e-01	 1.000000e+00	 1.000000e+00	 1.000000e+00	 1.000000e+00 
9.230000e-01	 1.000000e+00	 1.000000e+00	 1.000000e+00	 1.000000e+00 
9.240000e-01	 1.000000e+00	 1.000000e+00	 1.000000e+00	 1.000000e+00 
9.250000e-01	 1.000000e+00	 1.000000e+00	 1.000000e+00	 1.000000e+00 
9.260000e-01	 1.000000e+00	 1.000000e+00	 1.000000e+00	 1.000000e+00 
9.270000e-01	 1.000000e+00	 1.000000e+00	 1.000000e+00	 1.000000e+00 
9.280000e-01	 1.000000e+00	 1.000000e+00	 1.000000e+00	 1.000000e+00 
9.290000e-01	 1.000000e+00	 1.000000e+00	 1.000000e+00	 1.000000e+00 
9.300000e-01	 1.000000e+00	 1.000000e+00	 1.000000e+00	 1.000000e+00 
9.310000e-01	 1.000000e+00	 1.000000e+00	 1.000000e+00	 1.000000e+00 
9.320000e-01	 1.000000e+00	 1.000000e+00	 1.000000e+00	 1.000000e+00 
9.330000e-01	 1.000000e+00	 1.000000e+00	 1.000000e+00	 1.000000e+00 
9.340000e-01	 1.000000e+00	 1.000000e+00	 1.000000e+00	 1.000000e+00 
9.350000e-01	 1.000000e+00	 1.000000e+00	 1.000000e+00	 1.000000e+00 
9.360000e-01	 1.000000e+00	 1.000000e+00	 1.000000e+00	 1.000000e+00 
9.370000e-01	 1.000000e+00	 1.000000e+00	 1.000000e+00	 1.000000e+00 
9.380000e-01	 1.000000e+00	 1.000000e+00	 1.000000e+00	 1.000000e+00 
9.390000e-01	 1.000000e+00	 1.000000e+00	 1.000000e+00	 1.000000e+00 
9.400000e-01	 1.000000e+00	 1.000000e+00	 1.000000e+00	 1.000000e+00 
9.410000e-01	 1.000000e+00	 1.000000e+00	 1.000000e+00	 1.000000e+00 
9.420000e-01	 1.000000e+00	 1.000000e+00	 1.000000e+00	 1.000000e+00 
9.430000e-01	 1.000000e+00	 1.000000e+00	 1.000000e+00	 1.000000e+00 
9.440000e-01	 1.000000e+00	 1.000000e+00	 1.000000e+00	 1.000000e+00 
9.450000e-01	 1.000000e+00	 1.000000e+00	 1.000000e+00	 1.000000e+00 
9.460000e-01	 1.000000e+00	 1.000000e+00	 1.000000e+00	 1.000000e+00 
9.470000e-01	 1.000000e+00	 1.000000e+00	 1.000000e+00	 1.000000e+00 
9.480000e-01	 1.000000e+00	 1.000000e+00	 1.000000e+00	 1.000000e+00 
9.490000e-01	 1.000000e+00	 1.000000e+00	 1.000000e+00	 1.000000e+00 
9.500000e-01	 1.000000e+00	 1.000000e+00	 1.000000e+00	 1.000000e+00 
9.510000e-01	 1.000000e+00	 1.000000e+00	 1.000000e+00	 1.000000e+00 
9.520000e-01	 1.000000e+00	 1.000000e+00	 1.000000e+00	 1.000000e+00 
9.530000e-01	 1.000000e+00	 1.000000e+00	 1.000000e+00	 1.000000e+00 
9.540000e-01	 1.000000e+00	 1.000000e+00	 1.000000e+00	 1.000000e+00 
9.550000e-01	 1.000000e+00	 1.000000e+00	 1.000000e+00	 1.000000e+00 
9.560000e-01	 1.000000e+00	 1.000000e+00	 1.000000e+00	 1.000000e+00 
9.570000e-01	 1.000000e+00	 1.000000e+00	 1.000000e+00	 1.000000e+00 
9.580000e-01	 1.000000e+00	 1.000000e+00	 1.000000e+00	 1.000000e+00 
9.590000e-01	 1.000000e+00	 1.000000e+00	 1.000000e+00	 1.000000e+00 
9.600000e-01	 1.000000e+00	 1.000000e+00	 1.000000e+00	 1.000000e+00 
9.610000e-01	 1.000000e+00	 1.000000e+00	 1.000000e+00	 1.000000e+00 
9.620000e-01	 1.000000e+00	 1.000000e+00	 1.000000e+00	 1.000000e+00 
9.630000e-01	 1.000000e+00	 1.000000e+00	 1.000000e+00	 1.000000e+00 
9.640000e-01	 1.000000e+00	 1.000000e+00	 1.000000e+00	 1.000000e+00 
9.650000e-01	 1.000000e+00	 1.000000e+00	 1.000000e+00	 1.000000e+00 
9.660000e-01	 1.000000e+00	 1.000000e+00	 1.000000e+00	 1.000000e+00 
9.670000e-01	 1.000000e+00	 1.000000e+00	 1.000000e+00	 1.000000e+00 
9.680000e-01	 1.000000e+00	 1.000000e+00	 1.000000e+00	 1.000000e+00 
9.690000e-01	 1.000000e+00	 1.000000e+00	 1.000000e+00	 1.000000e+00 
9.700000e-01	 1.000000e+00	 1.000000e+00	 1.000000e+00	 1.000000e+00 
9.710000e-01	 1.000000e+00	 1.000000e+00	 1.000000e+00	 1.000000e+00 
9.720000e-01	 1.000000e+00	 1.000000e+00	 1.000000e+00	 1.000000e+00 
9.730000e-01	 1.000000e+00	 1.000000e+00	 1.000000e+00	 1.000000e+00 
9.740000e-01	 1.000000e+00	 1.000000e+00	 1.000000e+00	 1.000000e+00 
9.750000e-01	 1.000000e+00	 1.000000e+00	 1.000000e+00	 1.000000e+00 
9.760000e-01	 1.000000e+00	 1.000000e+00	 1.000000e+00	 1.000000e+00 
9.770000e-01	 1.000000e+00	 1.000000e+00	 1.000000e+00	 1.000000e+00 
9.780000e-01	 1.000000e+00	 1.000000e+00	 1.000000e+00	 1.000000e+00 
9.790000e-01	 1.000000e+00	 1.000000e+00	 1.000000e+00	 1.000000e+00 
9.800000e-01	 1.000000e+00	 1.000000e+00	 1.000000e+00	 1.000000e+00 
9.810000e-01	 1.000000e+00	 1.000000e+00	 1.000000e+00	 1.000000e+00 
9.820000e-01	 1.000000e+00	 1.000000e+00	 1.000000e+00	 1.000000e+00 
9.830000e-01	 1.000000e+00	 1.000000e+00	 1.000000e+00	 1.000000e+00 
9.840000e-01	 1.000000e+00	 1.000000e+00	 1.000000e+00	 1.000000e+00 
9.850000e-01	 1.000000e+00	 1.000000e+00	 1.000000e+00	 1.000000e+00 
9.860000e-01	 1.000000e+00	 1.000000e+00	 1.000000e+00	 1.000000e+00 
9.870000e-01	 1.000000e+00	 1.000000e+00	 1.000000e+00	 1.000000e+00 
9.880000e-01	 1.000000e+00	 1.000000e+00	 1.000000e+00	 1.000000e+00 
9.890000e-01	 1.000000e+00	 1.000000e+00	 1.000000e+00	 1.000000e+00 
9.900000e-01	 1.000000e+00	 1.000000e+00	 1.000000e+00	 1.000000e+00 
9.910000e-01	 1.000000e+00	 1.000000e+00	 1.000000e+00	 1.000000e+00 
9.920000e-01	 1.000000e+00	 1.000000e+00	 1.000000e+00	 1.000000e+00 
9.930000e-01	 1.000000e+00	 1.000000e+00	 1.000000e+00	 1.000000e+00 
9.940000e-01	 1.000000e+00	 1.000000e+00	 1.000000e+00	 1.000000e+00 
9.950000e-01	 1.000000e+00	 1.000000e+00	 1.000000e+00	 1.000000e+00 
9.960000e-01	 1.000000e+00	 1.000000e+00	 1.000000e+00	 1.000000e+00 
9.970000e-01	 1.000000e+00	 1.000000e+00	 1.000000e+00	 1.000000e+00 
9.980000e-01	 1.000000e+00	 1.000000e+00	 1.000000e+00	 1.000000e+00 
9.990000e-01	 1.000000e+00	 1.000000e+00	 1.000000e+00	 1.000000e+00 
1.000000e+00	 1.000000e+00	 1.000000e+00	 1.000000e+00	 1.000000e+00 
