-1.000000000000000e+01 0.000000000000000e+00 3.378683562264172e-06
-9.950000000000000e+00 7.428026952861475e-07 3.798690055094696e-06
-9.900000000000000e+00 1.494608188921368e-06 4.268329559917422e-06
-9.850000000000000e+00 2.264504851643454e-06 4.793136890636664e-06
-9.800000000000000e+00 3.061752755606648e-06 5.379223459218432e-06
-9.750000000000000e+00 3.895870918110567e-06 6.033332570269353e-06
-9.700000000000000e+00 4.776726220928313e-06 6.762899483394019e-06
-9.650000000000000e+00 5.714624570359132e-06 7.576116597363678e-06
-9.600000000000000e+00 6.720404868718251e-06 8.482004130592167e-06
-9.550000000000000e+00 7.805536374880980e-06 9.490486693475823e-06
-9.500000000000000e+00 8.982220039666363e-06 1.061247616976953e-05
-9.450000000000000e+00 1.026349441121262e-05 1.185996134628418e-05
-9.400000000000000e+00 1.166334671598594e-05 1.324610475273699e-05
-9.350000000000000e+00 1.319682973258753e-05 1.478534719649352e-05
-9.300000000000000e+00 1.488018508798038e-05 1.649352050011902e-05
-9.250000000000000e+00 1.673097361903414e-05 1.838796897301421e-05
-9.200000000000000e+00 1.876821345625674e-05 2.048768017183199e-05
-9.150000000000000e+00 2.101252650110578e-05 2.281342552774049e-05
-9.100000000000000e+00 2.348629398319691e-05 2.538791144177192e-05
-9.050000000000000e+00 2.621382179888249e-05 2.823594147232831e-05
-9.000000000000000e+00 2.922151634787878e-05 3.138459026124073e-05
-8.950000000000000e+00 3.253807159967514e-05 3.486338986641229e-05
-8.900000000000000e+00 3.619466813615114e-05 3.870452918982418e-05
-8.850000000000000e+00 4.022518493092704e-05 4.294306720933349e-05
-8.800000000000000e+00 4.466642463923326e-05 4.761716074101242e-05
-8.750000000000000e+00 4.955835318424469e-05 5.276830747552144e-05
-8.700000000000000e+00 5.494435443660505e-05 5.844160504691335e-05
-8.650000000000000e+00 6.087150079297127e-05 6.468602690504619e-05
-8.600000000000000e+00 6.739084046652540e-05 7.155471577314435e-05
-8.550000000000000e+00 7.455770230720344e-05 7.910529547967165e-05
-8.500000000000000e+00 8.243201897153296e-05 8.740020195823517e-05
-8.450000000000000e+00 9.107866926109414e-05 9.650703421037763e-05
-8.400000000000000e+00 1.005678404443470e-04 1.064989260234710e-04
-8.350000000000000e+00 1.109754113685126e-04 1.174549392291186e-04
-8.300000000000000e+00 1.223833571559529e-04 1.294604792761131e-04
-8.250000000000000e+00 1.348801762626560e-04 1.426077338756791e-04
-8.200000000000000e+00 1.485613406545598e-04 1.569961354550310e-04
-8.150000000000000e+00 1.635297698301261e-04 1.727328481277811e-04
-8.100000000000000e+00 1.798963293843423e-04 1.899332798559944e-04
-8.050000000000000e+00 1.977803547697534e-04 2.087216204382821e-04
-8.000000000000000e+00 2.173102008637486e-04 2.292314059107950e-04
-7.950000000000000e+00 2.386238178977019e-04 2.516061098928959e-04
-7.900000000000000e+00 2.618693542422443e-04 2.759997623462055e-04
-7.850000000000000e+00 2.872057864734837e-04 3.025775961442011e-04
-7.800000000000000e+00 3.148035770669549e-04 3.315167217691771e-04
-7.750000000000000e+00 3.448453599790574e-04 3.630068303637367e-04
-7.700000000000000e+00 3.775266542793119e-04 3.972509252646871e-04
-7.650000000000000e+00 4.130566058905619e-04 4.344660820378745e-04
-7.600000000000000e+00 4.516587573779021e-04 4.748842369127854e-04
-7.550000000000000e+00 4.935718456002959e-04 5.187530033853294e-04
-7.500000000000000e+00 5.390506269012678e-04 5.663365166158327e-04
-7.450000000000000e+00 5.883667293664550e-04 6.179163050966689e-04
-7.400000000000000e+00 6.418095315159699e-04 6.737921888999421e-04
-7.350000000000000e+00 6.996870666283087e-04 7.342832036400692e-04
-7.300000000000000e+00 7.623269517098222e-04 7.997285490989100e-04
-7.250000000000000e+00 8.300773399295109e-04 8.704885612622301e-04
-7.200000000000000e+00 9.033078951331397e-04 9.469457063058102e-04
-7.150000000000000e+00 9.824107868334803e-04 1.029505594847549e-03
-7.100000000000000e+00 1.067801703845061e-03 1.118598014548657e-03
-7.050000000000000e+00 1.159920884492391e-03 1.214677978902775e-03
-7.000000000000000e+00 1.259234161070589e-03 1.318226789796975e-03
-6.950000000000000e+00 1.366234015977095e-03 1.429753111163574e-03
-6.900000000000000e+00 1.481440646663287e-03 1.549794050767081e-03
-6.850000000000000e+00 1.605403036275927e-03 1.678916246887097e-03
-6.800000000000000e+00 1.738700026571263e-03 1.817716956366435e-03
-6.750000000000000e+00 1.881941389390127e-03 1.966825140194905e-03
-6.700000000000000e+00 2.035768892681532e-03 2.126902542494318e-03
-6.650000000000000e+00 2.200857356756123e-03 2.298644758460297e-03
-6.600000000000000e+00 2.377915696140732e-03 2.482782286502813e-03
-6.550000000000000e+00 2.567687942092410e-03 2.680081559511351e-03
-6.500000000000000e+00 2.770954240516337e-03 2.891345949853753e-03
-6.450000000000000e+00 2.988531819718370e-03 3.117416742401814e-03
-6.400000000000000e+00 3.221275922111550e-03 3.359174069563280e-03
-6.350000000000000e+00 3.470080693688413e-03 3.617537801991029e-03
-6.300000000000000e+00 3.735880024769502e-03 3.893468388337823e-03
-6.250000000000000e+00 4.019648335245027e-03 4.187967637131323e-03
-6.200000000000000e+00 4.322401297243516e-03 4.502079433561216e-03
-6.150000000000000e+00 4.645196487890740e-03 4.836890383700749e-03
-6.100000000000000e+00 4.989133964566630e-03 5.193530378431055e-03
-6.050000000000000e+00 5.355356754829844e-03 5.573173069101024e-03
-6.000000000000000e+00 5.745051252961649e-03 5.977036246740610e-03
-5.950000000000000e+00 6.159447514885472e-03 6.406382116454156e-03
-5.900000000000000e+00 6.599819443048628e-03 6.862517458455242e-03
-5.850000000000000e+00 7.067484852711025e-03 7.346793667068456e-03
-5.800000000000000e+00 7.563805410974851e-03 7.860606658919248e-03
-5.750000000000000e+00 8.090186439812234e-03 8.405396641463294e-03
-5.700000000000000e+00 8.648076574307263e-03 8.982647732974556e-03
-5.650000000000000e+00 9.238967267327509e-03 9.593887425119046e-03
-5.600000000000000e+00 9.864392131880774e-03 1.024068587929203e-02
-5.550000000000000e+00 1.052592611249812e-02 1.092465504799261e-02
-5.500000000000000e+00 1.122518447711659e-02 1.164744761265394e-02
-5.450000000000000e+00 1.196382162111707e-02 1.241075572954188e-02
-5.400000000000000e+00 1.274352967540666e-02 1.321630957558276e-02
-5.350000000000000e+00 1.356603691072296e-02 1.406587568628288e-02
-5.300000000000000e+00 1.443310593068165e-02 1.496125507826195e-02
-5.250000000000000e+00 1.534653164649075e-02 1.590428114934038e-02
-5.200000000000000e+00 1.630813902671584e-02 1.689681734959820e-02
-5.150000000000000e+00 1.731978061600283e-02 1.794075461736248e-02
-5.100000000000000e+00 1.838333381724788e-02 1.903800857468170e-02
-5.050000000000000e+00 1.950069793235016e-02 2.019051647750969e-02
-5.000000000000000e+00 2.067379095739152e-02 2.140023391654911e-02
-4.950000000000000e+00 2.190454612885841e-02 2.266913126549521e-02
-4.900000000000000e+00 2.319490821835491e-02 2.399918987427376e-02
-4.850000000000000e+00 2.454682957415112e-02 2.539239800578203e-02
-4.800000000000000e+00 2.596226590886668e-02 2.685074651561776e-02
-4.750000000000000e+00 2.744317183360390e-02 2.837622427531537e-02
-4.700000000000000e+00 2.899149613991658e-02 2.997081334070047e-02
-4.650000000000000e+00 3.060917683212640e-02 3.163648386811943e-02
-4.600000000000000e+00 3.229813591367638e-02 3.337518878249787e-02
-4.550000000000000e+00 3.406027393243639e-02 3.518885820242665e-02
-4.500000000000000e+00 3.589746429114558e-02 3.707939362876253e-02
-4.450000000000000e+00 3.781154733048640e-02 3.904866190455872e-02
-4.400000000000000e+00 3.980432419362957e-02 4.109848895550237e-02
-4.350000000000000e+00 4.187755048246435e-02 4.323065332142802e-02
-4.300000000000000e+00 4.403292971712709e-02 4.544687949088979e-02
-4.250000000000000e+00 4.627210661185774e-02 4.774883105220699e-02
-4.200000000000000e+00 4.859666018164246e-02 5.013810367583924e-02
-4.150000000000000e+00 5.100809669553268e-02 5.261621794439181e-02
-4.100000000000000e+00 5.350784249396052e-02 5.518461204799232e-02
-4.050000000000000e+00 5.609723668878947e-02 5.784463436420820e-02
-4.000000000000000e+00 5.877752376623897e-02 6.059753594308193e-02
-3.950000000000000e+00 6.154984611419476e-02 6.344446291924045e-02
-3.900000000000000e+00 6.441523649675397e-02 6.638644887437693e-02
-3.850000000000000e+00 6.737461050014709e-02 6.942440717469856e-02
-3.800000000000000e+00 7.042875897541840e-02 7.255912330917492e-02
-3.750000000000000e+00 7.357834050442400e-02 7.579124725559736e-02
-3.700000000000000e+00 7.682387391681243e-02 7.912128590256346e-02
-3.650000000000000e+00 8.016573088667880e-02 8.254959555652085e-02
-3.600000000000000e+00 8.360412863851925e-02 8.607637456393453e-02
-3.550000000000000e+00 8.713912279295119e-02 8.970165607947065e-02
-3.500000000000000e+00 9.077060038339567e-02 9.342530101181055e-02
-3.450000000000000e+00 9.449827307553452e-02 9.724699117931162e-02
-3.400000000000000e+00 9.832167062184770e-02 1.011662227082097e-01
-3.350000000000000e+00 1.022401345838981e-01 1.051822997064026e-01
-3.300000000000000e+00 1.062528123552546e-01 1.092943282460598e-01
-3.250000000000000e+00 1.103586515180229e-01 1.135012106883600e-01
-3.200000000000000e+00 1.145563945658815e-01 1.178016403835661e-01
-3.150000000000000e+00 1.188445740262909e-01 1.221940967793904e-01
-3.100000000000000e+00 1.232215080141541e-01 1.266768409701915e-01
-3.050000000000000e+00 1.276852962486499e-01 1.312479117189574e-01
-3.000000000000000e+00 1.322338165642381e-01 1.359051219832778e-01
-2.950000000000000e+00 1.368647219459379e-01 1.406460559755856e-01
-2.900000000000000e+00 1.415754381179140e-01 1.454680667868432e-01
-2.850000000000000e+00 1.463631617131653e-01 1.503682746015826e-01
-2.800000000000000e+00 1.512248590506945e-01 1.553435655307577e-01
-2.750000000000000e+00 1.561572655449560e-01 1.603905910872493e-01
-2.700000000000000e+00 1.611568857706242e-01 1.655057683270787e-01
-2.650000000000000e+00 1.662199942038075e-01 1.706852806774302e-01
-2.600000000000000e+00 1.713426366587549e-01 1.759250794704709e-01
-2.550000000000000e+00 1.765206324368697e-01 1.812208861996883e-01
-2.500000000000000e+00 1.817495772024642e-01 1.865681955130511e-01
-2.450000000000000e+00 1.870248465971707e-01 1.919622789547424e-01
-2.400000000000000e+00 1.923416006022709e-01 1.973981894645300e-01
-2.350000000000000e+00 1.976947886554360e-01 2.028707666410312e-01
-2.300000000000000e+00 2.030791555254878e-01 2.083746427722166e-01
-2.250000000000000e+00 2.084892479458107e-01 2.139042496334810e-01
-2.200000000000000e+00 2.139194220039797e-01 2.194538260505156e-01
-2.150000000000000e+00 2.193638512820337e-01 2.250174262210475e-01
-2.100000000000000e+00 2.248165357386277e-01 2.305889287862874e-01
-2.050000000000000e+00 2.302713113210638e-01 2.361620466396632e-01
-2.000000000000000e+00 2.357218602919369e-01 2.417303374571288e-01
-1.950000000000000e+00 2.411617222518584e-01 2.472872149300359e-01
-1.900000000000000e+00 2.465843058364571e-01 2.528259606782717e-01
-1.850000000000000e+00 2.519829010626130e-01 2.583397368180976e-01
-1.800000000000000e+00 2.573506922956791e-01 2.638215991559048e-01
-1.750000000000000e+00 2.626807718063050e-01 2.692645109759405e-01
-1.700000000000000e+00 2.679661538824094e-01 2.746613573869789e-01
-1.650000000000000e+00 2.731997894588773e-01 2.800049601899211e-01
-1.600000000000000e+00 2.783745812246964e-01 2.852880932254370e-01
-1.550000000000000e+00 2.834833991645140e-01 2.905034981580193e-01
-1.500000000000000e+00 2.885190964890106e-01 2.956439006502210e-01
-1.450000000000000e+00 2.934745259060558e-01 3.007020268784191e-01
-1.400000000000000e+00 2.983425561823667e-01 3.056706203391887e-01
-1.350000000000000e+00 3.031160889433255e-01 3.105424588933138e-01
-1.300000000000000e+00 3.077880756567658e-01 3.153103719926072e-01
-1.250000000000000e+00 3.123515347448965e-01 3.199672580330783e-01
-1.200000000000000e+00 3.167995687671332e-01 3.245061017765883e-01
-1.150000000000000e+00 3.211253816154414e-01 3.289199917819763e-01
-1.100000000000000e+00 3.253222956628844e-01 3.332021377857316e-01
-1.050000000000000e+00 3.293837688054179e-01 3.373458879716516e-01
-1.000000000000000e+00 3.333034113365869e-01 3.413447460685429e-01
-9.500000000000000e-01 3.370750025946646e-01 3.451923882149277e-01
-9.000000000000000e-01 3.406925073219393e-01 3.488826795298907e-01
-8.500000000000000e-01 3.441500916762921e-01 3.524096903296625e-01
-8.000000000000000e-01 3.474421388359317e-01 3.557677119302695e-01
-7.500000000000000e-01 3.505632641391498e-01 3.589512719776023e-01
-7.000000000000000e-01 3.535083297022400e-01 3.619551492475501e-01
-6.500000000000000e-01 3.562724584602695e-01 3.647743878604211e-01
-6.000000000000000e-01 3.588510475772137e-01 3.674043108557063e-01
-5.500000000000000e-01 3.612397811740388e-01 3.698405330753522e-01
-5.000000000000000e-01 3.634346423256513e-01 3.720789733060555e-01
-4.500000000000000e-01 3.654319242802030e-01 3.741158656336999e-01
-4.000000000000000e-01 3.672282408570476e-01 3.759477699658796e-01
-3.500000000000000e-01 3.688205359826626e-01 3.775715816815070e-01
-3.000000000000000e-01 3.702060923270794e-01 3.789845403697543e-01
-2.500000000000000e-01 3.713825390067773e-01 3.801842376240233e-01
-2.000000000000000e-01 3.723478583235817e-01 3.811686238602506e-01
-1.500000000000000e-01 3.731003915128493e-01 3.819360141326298e-01
-1.000000000000000e-01 3.736388434780979e-01 3.824850929237336e-01
-5.000000000000000e-02 3.739622864932292e-01 3.828149178900451e-01
0.000000000000000e+00 3.740701628575840e-01 3.829249225480262e-01
5.000000000000000e-02 3.739622864932292e-01 3.828149178900451e-01
1.000000000000000e-01 3.736388434780979e-01 3.824850929237336e-01
1.500000000000000e-01 3.731003915128493e-01 3.819360141326298e-01
2.000000000000000e-01 3.723478583235817e-01 3.811686238602506e-01
2.500000000000000e-01 3.713825390067773e-01 3.801842376240233e-01
3.000000000000000e-01 3.702060923270794e-01 3.789845403697543e-01
3.500000000000000e-01 3.688205359826626e-01 3.775715816815070e-01
4.000000000000000e-01 3.672282408570476e-01 3.759477699658796e-01
4.500000000000000e-01 3.654319242802030e-01 3.741158656336999e-01
5.000000000000000e-01 3.634346423256513e-01 3.720789733060555e-01
5.500000000000000e-01 3.612397811740388e-01 3.698405330753522e-01
6.000000000000000e-01 3.588510475772137e-01 3.674043108557063e-01
6.500000000000000e-01 3.562724584602695e-01 3.647743878604211e-01
7.000000000000000e-01 3.535083297022400e-01 3.619551492475501e-01
7.500000000000000e-01 3.505632641391498e-01 3.589512719776023e-01
8.000000000000000e-01 3.474421388359317e-01 3.557677119302695e-01
8.500000000000000e-01 3.441500916762921e-01 3.524096903296625e-01
9.000000000000000e-01 3.406925073219393e-01 3.488826795298907e-01
9.500000000000000e-01 3.370750025946646e-01 3.451923882149277e-01
1.000000000000000e+00 3.333034113365869e-01 3.413447460685429e-01
1.050000000000000e+00 3.293837688054179e-01 3.373458879716516e-01
1.100000000000000e+00 3.253222956628844e-01 3.332021377857316e-01
1.150000000000000e+00 3.211253816154414e-01 3.289199917819763e-01
1.200000000000000e+00 3.167995687671332e-01 3.245061017765883e-01
1.250000000000000e+00 3.123515347448965e-01 3.199672580330783e-01
1.300000000000000e+00 3.077880756567658e-01 3.153103719926072e-01
1.350000000000000e+00 3.031160889433255e-01 3.105424588933138e-01
1.400000000000000e+00 2.983425561823667e-01 3.056706203391887e-01
1.450000000000000e+00 2.934745259060558e-01 3.007020268784191e-01
1.500000000000000e+00 2.885190964890106e-01 2.956439006502210e-01
1.550000000000000e+00 2.834833991645140e-01 2.905034981580193e-01
1.600000000000000e+00 2.783745812246964e-01 2.852880932254370e-01
1.650000000000000e+00 2.731997894588773e-01 2.800049601899211e-01
1.700000000000000e+00 2.679661538824094e-01 2.746613573869789e-01
1.750000000000000e+00 2.626807718063050e-01 2.692645109759405e-01
1.800000000000000e+00 2.573506922956791e-01 2.638215991559048e-01
1.850000000000000e+00 2.519829010626130e-01 2.583397368180976e-01
1.900000000000000e+00 2.465843058364571e-01 2.528259606782717e-01
1.950000000000000e+00 2.411617222518584e-01 2.472872149300359e-01
2.000000000000000e+00 2.357218602919369e-01 2.417303374571288e-01
2.050000000000000e+00 2.302713113210638e-01 2.361620466396632e-01
2.100000000000000e+00 2.248165357386277e-01 2.305889287862874e-01
2.150000000000000e+00 2.193638512820337e-01 2.250174262210475e-01
2.200000000000000e+00 2.139194220039797e-01 2.194538260505156e-01
2.250000000000000e+00 2.084892479458107e-01 2.139042496334810e-01
2.300000000000000e+00 2.030791555254878e-01 2.083746427722166e-01
2.350000000000000e+00 1.976947886554360e-01 2.028707666410312e-01
2.400000000000000e+00 1.923416006022709e-01 1.973981894645300e-01
2.450000000000000e+00 1.870248465971707e-01 1.919622789547424e-01
2.500000000000000e+00 1.817495772024642e-01 1.865681955130511e-01
2.550000000000000e+00 1.765206324368697e-01 1.812208861996883e-01
2.600000000000000e+00 1.713426366587549e-01 1.759250794704709e-01
2.650000000000000e+00 1.662199942038075e-01 1.706852806774302e-01
2.700000000000000e+00 1.611568857706242e-01 1.655057683270787e-01
2.750000000000000e+00 1.561572655449560e-01 1.603905910872493e-01
2.800000000000000e+00 1.512248590506945e-01 1.553435655307577e-01
2.850000000000000e+00 1.463631617131653e-01 1.503682746015826e-01
2.900000000000000e+00 1.415754381179140e-01 1.454680667868432e-01
2.950000000000000e+00 1.368647219459379e-01 1.406460559755856e-01
3.000000000000000e+00 1.322338165642381e-01 1.359051219832778e-01
3.050000000000000e+00 1.276852962486499e-01 1.312479117189574e-01
3.100000000000000e+00 1.232215080141541e-01 1.266768409701915e-01
3.150000000000000e+00 1.188445740262909e-01 1.221940967793904e-01
3.200000000000000e+00 1.145563945658815e-01 1.178016403835661e-01
3.250000000000000e+00 1.103586515180229e-01 1.135012106883600e-01
3.300000000000000e+00 1.062528123552546e-01 1.092943282460598e-01
3.350000000000000e+00 1.022401345838981e-01 1.051822997064026e-01
3.400000000000000e+00 9.832167062184770e-02 1.011662227082097e-01
3.450000000000000e+00 9.449827307553452e-02 9.724699117931162e-02
3.500000000000000e+00 9.077060038339567e-02 9.342530101181055e-02
3.550000000000000e+00 8.713912279295119e-02 8.970165607947065e-02
3.600000000000000e+00 8.360412863851925e-02 8.607637456393453e-02
3.650000000000000e+00 8.016573088667880e-02 8.254959555652085e-02
3.700000000000000e+00 7.682387391681243e-02 7.912128590256346e-02
3.750000000000000e+00 7.357834050442400e-02 7.579124725559736e-02
3.800000000000000e+00 7.042875897541840e-02 7.255912330917492e-02
3.850000000000000e+00 6.737461050014709e-02 6.942440717469856e-02
3.900000000000000e+00 6.441523649675397e-02 6.638644887437693e-02
3.950000000000000e+00 6.154984611419476e-02 6.344446291924045e-02
4.000000000000000e+00 5.877752376623897e-02 6.059753594308193e-02
4.050000000000000e+00 5.609723668878947e-02 5.784463436420820e-02
4.100000000000000e+00 5.350784249396052e-02 5.518461204799232e-02
4.150000000000000e+00 5.100809669553268e-02 5.261621794439181e-02
4.200000000000000e+00 4.859666018164246e-02 5.013810367583924e-02
4.250000000000000e+00 4.627210661185774e-02 4.774883105220699e-02
4.300000000000000e+00 4.403292971712709e-02 4.544687949088979e-02
4.350000000000000e+00 4.187755048246435e-02 4.323065332142802e-02
4.400000000000000e+00 3.980432419362957e-02 4.109848895550237e-02
4.450000000000000e+00 3.781154733048640e-02 3.904866190455872e-02
4.500000000000000e+00 3.589746429114558e-02 3.707939362876253e-02
4.550000000000000e+00 3.406027393243639e-02 3.518885820242665e-02
4.600000000000000e+00 3.229813591367638e-02 3.337518878249787e-02
4.650000000000000e+00 3.060917683212640e-02 3.163648386811943e-02
4.700000000000000e+00 2.899149613991658e-02 2.997081334070047e-02
4.750000000000000e+00 2.744317183360390e-02 2.837622427531537e-02
4.800000000000000e+00 2.596226590886668e-02 2.685074651561776e-02
4.850000000000000e+00 2.454682957415112e-02 2.539239800578203e-02
4.900000000000000e+00 2.319490821835491e-02 2.399918987427376e-02
4.950000000000000e+00 2.190454612885841e-02 2.266913126549521e-02
5.000000000000000e+00 2.067379095739152e-02 2.140023391654911e-02
5.050000000000000e+00 1.950069793235016e-02 2.019051647750969e-02
5.100000000000000e+00 1.838333381724788e-02 1.903800857468170e-02
5.150000000000000e+00 1.731978061600283e-02 1.794075461736248e-02
5.200000000000000e+00 1.630813902671584e-02 1.689681734959820e-02
5.250000000000000e+00 1.534653164649075e-02 1.590428114934038e-02
5.300000000000000e+00 1.443310593068165e-02 1.496125507826195e-02
5.350000000000000e+00 1.356603691072296e-02 1.406587568628288e-02
5.400000000000000e+00 1.274352967540666e-02 1.321630957558276e-02
5.450000000000000e+00 1.196382162111707e-02 1.241075572954188e-02
5.500000000000000e+00 1.122518447711659e-02 1.164744761265394e-02
5.550000000000000e+00 1.052592611249812e-02 1.092465504799261e-02
5.600000000000000e+00 9.864392131880774e-03 1.024068587929203e-02
5.650000000000000e+00 9.238967267327509e-03 9.593887425119046e-03
5.700000000000000e+00 8.648076574307263e-03 8.982647732974556e-03
5.750000000000000e+00 8.090186439812234e-03 8.405396641463294e-03
5.800000000000000e+00 7.563805410974851e-03 7.860606658919248e-03
5.850000000000000e+00 7.067484852711025e-03 7.346793667068456e-03
5.900000000000000e+00 6.599819443048628e-03 6.862517458455242e-03
5.950000000000000e+00 6.159447514885472e-03 6.406382116454156e-03
6.000000000000000e+00 5.745051252961649e-03 5.977036246740610e-03
6.050000000000000e+00 5.355356754829844e-03 5.573173069101024e-03
6.100000000000000e+00 4.989133964566630e-03 5.193530378431055e-03
6.150000000000000e+00 4.645196487890740e-03 4.836890383700749e-03
6.200000000000000e+00 4.322401297243516e-03 4.502079433561216e-03
6.250000000000000e+00 4.019648335245027e-03 4.187967637131323e-03
6.300000000000000e+00 3.735880024769502e-03 3.893468388337823e-03
6.350000000000000e+00 3.470080693688413e-03 3.617537801991029e-03
6.400000000000000e+00 3.221275922111550e-03 3.359174069563280e-03
6.450000000000000e+00 2.988531819718370e-03 3.117416742401814e-03
6.500000000000000e+00 2.770954240516337e-03 2.891345949853753e-03
6.550000000000000e+00 2.567687942092410e-03 2.680081559511351e-03
6.600000000000000e+00 2.377915696140732e-03 2.482782286502813e-03
6.650000000000000e+00 2.200857356756123e-03 2.298644758460297e-03
6.700000000000000e+00 2.035768892681532e-03 2.126902542494318e-03
6.750000000000000e+00 1.881941389390127e-03 1.966825140194905e-03
6.800000000000000e+00 1.738700026571263e-03 1.817716956366435e-03
6.850000000000000e+00 1.605403036275927e-03 1.678916246887097e-03
6.900000000000000e+00 1.481440646663287e-03 1.549794050767081e-03
6.950000000000000e+00 1.366234015977095e-03 1.429753111163574e-03
7.000000000000000e+00 1.259234161070589e-03 1.318226789796975e-03
7.050000000000000e+00 1.159920884492391e-03 1.214677978902775e-03
7.100000000000000e+00 1.067801703845061e-03 1.118598014548657e-03
7.150000000000000e+00 9.824107868334803e-04 1.029505594847549e-03
7.200000000000000e+00 9.033078951331397e-04 9.469457063058102e-04
7.250000000000000e+00 8.300773399295109e-04 8.704885612622301e-04
7.300000000000000e+00 7.623269517098222e-04 7.997285490989100e-04
7.350000000000000e+00 6.996870666283087e-04 7.342832036400692e-04
7.400000000000000e+00 6.418095315159699e-04 6.737921888999421e-04
7.450000000000000e+00 5.883667293664550e-04 6.179163050966689e-04
7.500000000000000e+00 5.390506269012678e-04 5.663365166158327e-04
7.550000000000000e+00 4.935718456002959e-04 5.187530033853294e-04
7.600000000000000e+00 4.516587573779021e-04 4.748842369127854e-04
7.650000000000000e+00 4.130566058905619e-04 4.344660820378745e-04
7.700000000000000e+00 3.775266542793119e-04 3.972509252646871e-04
7.750000000000000e+00 3.448453599790574e-04 3.630068303637367e-04
7.800000000000000e+00 3.148035770669549e-04 3.315167217691771e-04
7.850000000000000e+00 2.872057864734837e-04 3.025775961442011e-04
7.900000000000000e+00 2.618693542422443e-04 2.759997623462055e-04
7.950000000000000e+00 2.386238178977019e-04 2.516061098928959e-04
8.000000000000000e+00 2.173102008637486e-04 2.292314059107950e-04
8.050000000000000e+00 1.977803547697534e-04 2.087216204382821e-04
8.100000000000000e+00 1.798963293843423e-04 1.899332798559944e-04
8.150000000000000e+00 1.635297698301261e-04 1.727328481277811e-04
8.200000000000000e+00 1.485613406545598e-04 1.569961354550310e-04
8.250000000000000e+00 1.348801762626560e-04 1.426077338756791e-04
8.300000000000000e+00 1.223833571559529e-04 1.294604792761131e-04
8.350000000000000e+00 1.109754113685126e-04 1.174549392291186e-04
8.400000000000000e+00 1.005678404443470e-04 1.064989260234710e-04
8.450000000000000e+00 9.107866926109414e-05 9.650703421037763e-05
8.500000000000000e+00 8.243201897153296e-05 8.740020195823517e-05
8.550000000000000e+00 7.455770230720344e-05 7.910529547967165e-05
8.600000000000000e+00 6.739084046652540e-05 7.155471577314435e-05
8.650000000000000e+00 6.087150079297127e-05 6.468602690504619e-05
8.700000000000000e+00 5.494435443660505e-05 5.844160504691335e-05
8.750000000000000e+00 4.955835318424469e-05 5.276830747552144e-05
8.800000000000000e+00 4.466642463923326e-05 4.761716074101242e-05
8.850000000000000e+00 4.022518493092704e-05 4.294306720933349e-05
8.900000000000000e+00 3.619466813615115e-05 3.870452918982418e-05
8.950000000000000e+00 3.253807159967514e-05 3.486338986641229e-05
9.000000000000000e+00 2.922151634787878e-05 3.138459026124073e-05
9.050000000000000e+00 2.621382179888249e-05 2.823594147232831e-05
9.100000000000000e+00 2.348629398319691e-05 2.538791144177192e-05
9.150000000000000e+00 2.101252650110578e-05 2.281342552774049e-05
9.200000000000000e+00 1.876821345625674e-05 2.048768017183199e-05
9.250000000000000e+00 1.673097361903414e-05 1.838796897301421e-05
9.300000000000000e+00 1.488018508798038e-05 1.649352050011902e-05
9.350000000000000e+00 1.319682973258753e-05 1.478534719649352e-05
9.400000000000000e+00 1.166334671598594e-05 1.324610475273699e-05
9.450000000000000e+00 1.026349441121262e-05 1.185996134628418e-05
9.500000000000000e+00 8.982220039666364e-06 1.061247616976953e-05
9.550000000000000e+00 7.805536374880980e-06 9.490486693475823e-06
9.600000000000000e+00 6.720404868718251e-06 8.482004130592167e-06
9.650000000000000e+00 5.714624570359132e-06 7.576116597363678e-06
9.700000000000000e+00 4.776726220928313e-06 6.762899483394019e-06
9.750000000000000e+00 3.895870918110567e-06 6.033332570269353e-06
9.800000000000000e+00 3.061752755606648e-06 5.379223459218432e-06
9.850000000000000e+00 2.264504851643454e-06 4.793136890636664e-06
9.900000000000000e+00 1.494608188921368e-06 4.268329559917422e-06
9.950000000000000e+00 7.428026952861475e-07 3.798690055094696e-06
1.000000000000000e+01 0.000000000000000e+00 3.378683562264172e-06
