-1.000000000000000e+01 0.000000000000000e+00 0.000000000000000e+00 3.378683562264145e-06
-9.968377223398316e+00 5.166894271044533e-07 5.166894271044533e-07 3.638826521492288e-06
-9.936754446796632e+00 1.035831159765531e-06 1.035831159765531e-06 3.918052692728489e-06
-9.905131670194949e+00 1.559886639512637e-06 1.559886639512637e-06 4.217686515698121e-06
-9.873508893593265e+00 2.091335603095353e-06 2.091335603095353e-06 4.539138570501934e-06
-9.841886116991581e+00 2.632685288302964e-06 2.632685288302964e-06 4.883910755573999e-06
-9.810263340389897e+00 3.186479709699366e-06 3.186479709699366e-06 5.253601747078963e-06
-9.778640563788213e+00 3.755309027685031e-06 3.755309027685031e-06 5.649912753048585e-06
-9.747017787186530e+00 4.341819034388602e-06 4.341819034388602e-06 6.074653576053151e-06
-9.715395010584846e+00 4.948720780003801e-06 4.948720780003801e-06 6.529748998717830e-06
-9.683772233983162e+00 5.578800363322248e-06 5.578800363322248e-06 7.017245506912113e-06
-9.652149457381478e+00 6.234928910369186e-06 6.234928910369186e-06 7.539318365971590e-06
-9.620526680779794e+00 6.920072765226322e-06 6.920072765226322e-06 8.098279065852894e-06
-9.588903904178111e+00 7.637303917323635e-06 7.637303917323635e-06 8.696583151670710e-06
-9.557281127576427e+00 8.389810689699300e-06 8.389810689699300e-06 9.336838456624477e-06
-9.525658350974743e+00 9.180908712963104e-06 9.180908712963104e-06 1.002181375488734e-05
-9.494035574373059e+00 1.001405220995318e-05 1.001405220995318e-05 1.075444785260420e-05
-9.462412797771376e+00 1.089284561634760e-05 1.089284561634760e-05 1.153785913572556e-05
-9.430790021169692e+00 1.182105556278027e-05 1.182105556278027e-05 1.237535559398792e-05
-9.399167244568008e+00 1.280262324431406e-05 1.280262324431406e-05 1.327044534094442e-05
-9.367544467966324e+00 1.384167720344132e-05 1.384167720344132e-05 1.422684765054112e-05
-9.335921691364640e+00 1.494254655311247e-05 1.494254655311247e-05 1.524850453133564e-05
-9.304298914762957e+00 1.610977466663507e-05 1.610977466663507e-05 1.633959286005026e-05
-9.272676138161273e+00 1.734813336163858e-05 1.734813336163858e-05 1.750453709675482e-05
-9.241053361559589e+00 1.866263760566021e-05 1.866263760566021e-05 1.874802260457372e-05
-9.209430584957905e+00 2.005856077127632e-05 2.005856077127632e-05 2.007500959740868e-05
-9.177807808356221e+00 2.154145046907692e-05 2.154145046907692e-05 2.149074773976354e-05
-9.146185031754538e+00 2.311714498715872e-05 2.311714498715872e-05 2.300079142334875e-05
-9.114562255152854e+00 2.479179036619153e-05 2.479179036619153e-05 2.461101574572358e-05
-9.082939478551170e+00 2.657185813949219e-05 2.657185813949219e-05 2.632763321681306e-05
-9.051316701949486e+00 2.846416376791766e-05 2.846416376791766e-05 2.815721121969777e-05
-9.019693925347802e+00 3.047588579976188e-05 3.047588579976188e-05 3.010669025263219e-05
-8.988071148746119e+00 3.261458578620786e-05 3.261458578620786e-05 3.218340297978233e-05
-8.956448372144435e+00 3.488822898324393e-05 3.488822898324393e-05 3.439509411870084e-05
-8.924825595542751e+00 3.730520587129985e-05 3.730520587129985e-05 3.674994119305940e-05
-8.893202818941067e+00 3.987435452419085e-05 3.987435452419085e-05 3.925657617964500e-05
-8.861580042339383e+00 4.260498385927368e-05 4.260498385927368e-05 4.192410807908614e-05
-8.829957265737700e+00 4.550689780101550e-05 4.550689780101550e-05 4.476214644021239e-05
-8.798334489136016e+00 4.859042039045085e-05 4.859042039045085e-05 4.778082586835594e-05
-8.766711712534332e+00 5.186642187325077e-05 5.186642187325077e-05 5.099083154828108e-05
-8.735088935932648e+00 5.534634579934940e-05 5.534634579934940e-05 5.440342581277020e-05
-8.703466159330964e+00 5.904223716726219e-05 5.904223716726219e-05 5.803047578819669e-05
-8.671843382729281e+00 6.296677164638432e-05 6.296677164638432e-05 6.188448214868443e-05
-8.640220606127597e+00 6.713328591067381e-05 6.713328591067381e-05 6.597860901067019e-05
-8.608597829525913e+00 7.155580911719799e-05 7.155580911719799e-05 7.032671499986276e-05
-8.576975052924229e+00 7.624909556305038e-05 7.624909556305038e-05 7.494338552271537e-05
-8.545352276322546e+00 8.122865855412452e-05 8.122865855412452e-05 7.984396627459876e-05
-8.513729499720862e+00 8.651080551915754e-05 8.651080551915754e-05 8.504459801687451e-05
-8.482106723119178e+00 9.211267440232533e-05 9.211267440232533e-05 9.056225265502096e-05
-8.450483946517494e+00 9.805227136747958e-05 9.805227136747958e-05 9.641477064984869e-05
-8.418861169915810e+00 1.043485098468600e-04 1.043485098468600e-04 1.026208997936624e-04
-8.387238393314127e+00 1.110212509667885e-04 1.110212509667885e-04 1.092003353829673e-04
-8.355615616712443e+00 1.180913453824531e-04 1.180913453824531e-04 1.161737618189883e-04
-8.323992840110759e+00 1.255806765534103e-04 1.255806765534103e-04 1.235628956668528e-04
-8.292370063509075e+00 1.335122054908756e-04 1.335122054908756e-04 1.313905302037917e-04
-8.260747286907391e+00 1.419100170072247e-04 1.419100170072247e-04 1.396805814861177e-04
-8.229124510305708e+00 1.507993674973899e-04 1.507993674973899e-04 1.484581359640621e-04
-8.197501733704024e+00 1.602067342810010e-04 1.602067342810010e-04 1.577494996727617e-04
-8.165878957102340e+00 1.701598665331877e-04 1.701598665331877e-04 1.675822490268047e-04
-8.134256180500656e+00 1.806878378309179e-04 1.806878378309179e-04 1.779852832447491e-04
-8.102633403898972e+00 1.918211003406010e-04 1.918211003406010e-04 1.889888784289189e-04
-8.071010627297289e+00 2.035915406714171e-04 2.035915406714171e-04 2.006247433245605e-04
-8.039387850695605e+00 2.160325374174540e-04 2.160325374174540e-04 2.129260767810979e-04
-8.007765074093921e+00 2.291790204102253e-04 2.291790204102253e-04 2.259276269367513e-04
-7.976142297492237e+00 2.430675317015109e-04 2.430675317015109e-04 2.396657521461831e-04
-7.944519520890553e+00 2.577362882946905e-04 2.577362882946905e-04 2.541784836691011e-04
-7.912896744288870e+00 2.732252466408400e-04 2.732252466408400e-04 2.695055901358687e-04
-7.881273967687186e+00 2.895761689138126e-04 2.895761689138126e-04 2.856886438041561e-04
-7.849651191085502e+00 3.068326910763344e-04 3.068326910763344e-04 3.027710886184959e-04
-7.818028414483818e+00 3.250403927468040e-04 3.250403927468040e-04 3.207983100822915e-04
-7.786405637882134e+00 3.442468688739858e-04 3.442468688739858e-04 3.398177069493460e-04
-7.754782861280451e+00 3.645018032241370e-04 3.645018032241370e-04 3.598787647393487e-04
-7.723160084678767e+00 3.858570436822861e-04 3.858570436822861e-04 3.810331310789531e-04
-7.691537308077083e+00 4.083666793664031e-04 4.083666793664031e-04 4.033346928671197e-04
-7.659914531475399e+00 4.320871195500479e-04 4.320871195500479e-04 4.268396552602531e-04
-7.628291754873716e+00 4.570771743857589e-04 4.570771743857589e-04 4.516066224693585e-04
-7.596668978272032e+00 4.833981374179479e-04 4.833981374179479e-04 4.776966803579522e-04
-7.565046201670348e+00 5.111138698703870e-04 5.111138698703870e-04 5.051734808257952e-04
-7.533423425068664e+00 5.402908866895172e-04 5.402908866895172e-04 5.341033279596714e-04
-7.501800648466980e+00 5.709984443207691e-04 5.709984443207691e-04 5.645552659283969e-04
-7.470177871865297e+00 6.033086301908596e-04 6.033086301908596e-04 5.966011685950355e-04
-7.438555095263613e+00 6.372964538646188e-04 6.372964538646188e-04 6.303158308148826e-04
-7.406932318661929e+00 6.730399398403045e-04 6.730399398403045e-04 6.657770613831945e-04
-7.375309542060245e+00 7.106202219425741e-04 7.106202219425741e-04 7.030657775918537e-04
-7.343686765458561e+00 7.501216392673122e-04 7.501216392673122e-04 7.422661013491925e-04
-7.312063988856878e+00 7.916318336273499e-04 7.916318336273499e-04 7.834654568120376e-04
-7.280441212255194e+00 8.352418484427604e-04 8.352418484427604e-04 8.267546694736899e-04
-7.248818435653510e+00 8.810462290138853e-04 8.810462290138853e-04 8.722280666460196e-04
-7.217195659051826e+00 9.291431241095194e-04 9.291431241095194e-04 9.199835792681374e-04
-7.185572882450142e+00 9.796343887967843e-04 9.796343887967843e-04 9.701228449681971e-04
-7.153950105848459e+00 1.032625688433134e-03 1.032625688433134e-03 1.022751312298803e-03
-7.122327329246775e+00 1.088226603734677e-03 1.088226603734677e-03 1.077978346060231e-03
-7.090704552645091e+00 1.146550736828575e-03 1.146550736828575e-03 1.135917333619241e-03
-7.059081776043407e+00 1.207715818190651e-03 1.207715818190651e-03 1.196685792124656e-03
-7.027458999441723e+00 1.271843814362614e-03 1.271843814362614e-03 1.260405476514099e-03
-6.995836222840040e+00 1.339061036336356e-03 1.339061036336356e-03 1.327202488199389e-03
-6.964213446238356e+00 1.409498248485699e-03 1.409498248485699e-03 1.397207384310969e-03
-6.932590669636672e+00 1.483290777918789e-03 1.483290777918789e-03 1.470555287374579e-03
-6.900967893034988e+00 1.560578624116931e-03 1.560578624116931e-03 1.547385995285963e-03
-6.869345116433304e+00 1.641506568718224e-03 1.641506568718224e-03 1.627844091441971e-03
-6.837722339831621e+00 1.726224285296713e-03 1.726224285296713e-03 1.712079054878783e-03
-6.806099563229937e+00 1.814886448980106e-03 1.814886448980106e-03 1.800245370260261e-03
-6.774476786628253e+00 1.907652845741261e-03 1.907652845741261e-03 1.892502637551667e-03
-6.742854010026569e+00 2.004688481190803e-03 2.004688481190803e-03 1.989015681206037e-03
-6.711231233424885e+00 2.106163688690210e-03 2.106163688690210e-03 2.089954658682577e-03
-6.679608456823202e+00 2.212254236596748e-03 2.212254236596748e-03 2.195495168108395e-03
-6.647985680221518e+00 2.323141434443499e-03 2.323141434443499e-03 2.305818354886820e-03
-6.616362903619834e+00 2.439012237849697e-03 2.439012237849697e-03 2.421111017047449e-03
-6.584740127018150e+00 2.560059351948404e-03 2.560059351948404e-03 2.541565709124953e-03
-6.553117350416467e+00 2.686481333110501e-03 2.686481333110501e-03 2.667380844345550e-03
-6.521494573814783e+00 2.818482688735840e-03 2.818482688735840e-03 2.798760794891961e-03
-6.489871797213099e+00 2.956273974874367e-03 2.956273974874367e-03 2.935915990009597e-03
-6.458249020611415e+00 3.100071891432004e-03 3.100071891432004e-03 3.079063011708736e-03
-6.426626244009731e+00 3.250099374708193e-03 3.250099374708193e-03 3.228424687809505e-03
-6.395003467408048e+00 3.406585687004125e-03 3.406585687004125e-03 3.384230182068676e-03
-6.363380690806364e+00 3.569766503033018e-03 3.569766503033018e-03 3.546715081119538e-03
-6.331757914204680e+00 3.739883992856207e-03 3.739883992856207e-03 3.716121477948580e-03
-6.300135137602996e+00 3.917186901061413e-03 3.917186901061413e-03 3.892698051625273e-03
-6.268512361001312e+00 4.101930621892347e-03 4.101930621892347e-03 4.076700142994040e-03
-6.236889584399629e+00 4.294377270031774e-03 4.294377270031774e-03 4.268389826030493e-03
-6.205266807797945e+00 4.494795746733420e-03 4.494795746733420e-03 4.468035974557223e-03
-6.173644031196261e+00 4.703461800991559e-03 4.703461800991559e-03 4.675914324007933e-03
-6.142021254594577e+00 4.920658085430923e-03 4.920658085430923e-03 4.892307527922482e-03
-6.110398477992893e+00 5.146674206593639e-03 5.146674206593639e-03 5.117505208849469e-03
-6.078775701391210e+00 5.381806769294339e-03 5.381806769294339e-03 5.351804003327437e-03
-6.047152924789526e+00 5.626359414709398e-03 5.626359414709398e-03 5.595507600610563e-03
-6.015530148187842e+00 5.880642851861403e-03 5.880642851861403e-03 5.848926774799898e-03
-5.983907371586158e+00 6.144974882155639e-03 6.144974882155639e-03 6.112379410036817e-03
-5.952284594984474e+00 6.419680416621367e-03 6.419680416621367e-03 6.386190518411426e-03
-5.920661818382791e+00 6.705091485507294e-03 6.705091485507294e-03 6.670692250235205e-03
-5.889039041781107e+00 7.001547239877633e-03 7.001547239877633e-03 6.966223896324236e-03
-5.857416265179423e+00 7.309393944852779e-03 7.309393944852779e-03 7.273131881936936e-03
-5.825793488577739e+00 7.628984964136789e-03 7.628984964136789e-03 7.591769752008403e-03
-5.794170711976055e+00 7.960680735472589e-03 7.960680735472589e-03 7.922498147322207e-03
-5.762547935374372e+00 8.304848736665251e-03 8.304848736665251e-03 8.265684771259869e-03
-5.730925158772688e+00 8.661863441813688e-03 8.661863441813688e-03 8.621704346768274e-03
-5.699302382171004e+00 9.032106267391844e-03 9.032106267391844e-03 8.990938563185987e-03
-5.667679605569320e+00 9.415965507821880e-03 9.415965507821880e-03 9.373776012570860e-03
-5.636056828967637e+00 9.813836260184023e-03 9.813836260184023e-03 9.770612115173463e-03
-5.604434052365953e+00 1.022612033771065e-02 1.022612033771065e-02 1.018184903370379e-02
-5.572811275764269e+00 1.065322617171591e-02 1.065322617171591e-02 1.060789557604235e-02
-5.541188499162585e+00 1.109556870161668e-02 1.109556870161668e-02 1.104916708605141e-02
-5.509565722560901e+00 1.155356925270608e-02 1.155356925270608e-02 1.150608532214720e-02
-5.477942945959218e+00 1.202765540134685e-02 1.202765540134685e-02 1.197907832330048e-02
-5.446320169357534e+00 1.251826082725921e-02 1.251826082725921e-02 1.246858026213964e-02
-5.414697392755850e+00 1.302582515258553e-02 1.302582515258553e-02 1.297503128483858e-02
-5.383074616154166e+00 1.355079376742346e-02 1.355079376742346e-02 1.349887733748072e-02
-5.351451839552482e+00 1.409361764152862e-02 1.409361764152862e-02 1.404056997859989e-02
-5.319829062950799e+00 1.465475312189909e-02 1.465475312189909e-02 1.460056617761017e-02
-5.288206286349115e+00 1.523466171596556e-02 1.523466171596556e-02 1.517932809884816e-02
-5.256583509747431e+00 1.583380986012393e-02 1.583380986012393e-02 1.577732287096399e-02
-5.224960733145747e+00 1.645266867336082e-02 1.645266867336082e-02 1.639502234141130e-02
-5.193337956544063e+00 1.709171369573722e-02 1.709171369573722e-02 1.703290281580086e-02
-5.161715179942380e+00 1.775142461151157e-02 1.775142461151157e-02 1.769144478189871e-02
-5.130092403340696e+00 1.843228495669997e-02 1.843228495669997e-02 1.837113261806596e-02
-5.098469626739012e+00 1.913478181088962e-02 1.913478181088962e-02 1.907245428595570e-02
-5.066846850137328e+00 1.985940547313984e-02 1.985940547313984e-02 1.979590100730104e-02
-5.035224073535644e+00 2.060664912182564e-02 2.060664912182564e-02 2.054196692464811e-02
-5.003601296933961e+00 2.137700845829908e-02 2.137700845829908e-02 2.131114874590898e-02
-4.971978520332277e+00 2.217098133426614e-02 2.217098133426614e-02 2.210394537263117e-02
-4.940355743730593e+00 2.298906736279944e-02 2.298906736279944e-02 2.292085751190329e-02
-4.908732967128909e+00 2.383176751293137e-02 2.383176751293137e-02 2.376238727184043e-02
-4.877110190527225e+00 2.469958368779681e-02 2.469958368779681e-02 2.462903774061765e-02
-4.845487413925542e+00 2.559301828632096e-02 2.559301828632096e-02 2.552131254904574e-02
-4.813864637323858e+00 2.651257374847433e-02 2.651257374847433e-02 2.643971541671042e-02
-4.782241860722174e+00 2.745875208414478e-02 2.745875208414478e-02 2.738474968172343e-02
-4.750619084120490e+00 2.843205438570529e-02 2.843205438570529e-02 2.835691781416324e-02
-4.718996307518807e+00 2.943298032438574e-02 2.943298032438574e-02 2.935672091331166e-02
-4.687373530917123e+00 3.046202763058707e-02 3.046202763058707e-02 3.038465818882400e-02
-4.655750754315439e+00 3.151969155830775e-02 3.151969155830775e-02 3.144122642600047e-02
-4.624127977713755e+00 3.260646433388432e-02 3.260646433388432e-02 3.252691943535934e-02
-4.592505201112071e+00 3.372283458928029e-02 3.372283458928029e-02 3.364222748674422e-02
-4.560882424510388e+00 3.486928678019138e-02 3.486928678019138e-02 3.478763672823157e-02
-4.529259647908704e+00 3.604630058926885e-02 3.604630058926885e-02 3.596362859013827e-02
-4.497636871307020e+00 3.725435031479733e-02 3.725435031479733e-02 3.717067917446362e-02
-4.466014094705336e+00 3.849390424519866e-02 3.849390424519866e-02 3.840925863013510e-02
-4.434391318103652e+00 3.976542401976909e-02 3.976542401976909e-02 3.967983051446278e-02
-4.402768541501969e+00 4.106936397609272e-02 4.106936397609272e-02 4.098285114124321e-02
-4.371145764900285e+00 4.240617048461097e-02 4.240617048461097e-02 4.231876891598983e-02
-4.339522988298601e+00 4.377628127086414e-02 4.377628127086414e-02 4.368802365880341e-02
-4.307900211696917e+00 4.518012472595829e-02 4.518012472595829e-02 4.509104591543310e-02
-4.276277435095233e+00 4.661811920584743e-02 4.661811920584743e-02 4.652825625711521e-02
-4.244654658493550e+00 4.809067232005844e-02 4.809067232005844e-02 4.800006456981421e-02
-4.213031881891866e+00 4.959818021052297e-02 4.959818021052297e-02 4.950686933352722e-02
-4.181409105290182e+00 5.114102682121779e-02 5.114102682121779e-02 5.104905689235026e-02
-4.149786328688498e+00 5.271958315935197e-02 5.271958315935197e-02 5.262700071604137e-02
-4.118163552086814e+00 5.433420654887579e-02 5.433420654887579e-02 5.424106065385234e-02
-4.086540775485131e+00 5.598523987712271e-02 5.598523987712271e-02 5.589158218143670e-02
-4.054917998883447e+00 5.767301083543171e-02 5.767301083543171e-02 5.757889564167791e-02
-4.023295222281763e+00 5.939783115463258e-02 5.939783115463258e-02 5.930331548031667e-02
-3.991672445680079e+00 6.115999583631180e-02 6.115999583631180e-02 6.106513947729126e-02
-3.960049669078395e+00 6.295978238081067e-02 6.295978238081067e-02 6.286464797473881e-02
-3.928426892476712e+00 6.479745001294075e-02 6.479745001294075e-02 6.470210310263879e-02
-3.896804115875028e+00 6.667323890643449e-02 6.667323890643449e-02 6.657774800311243e-02
-3.865181339273344e+00 6.858736940818013e-02 6.858736940818013e-02 6.849180605442347e-02
-3.833558562671660e+00 7.054004126332083e-02 7.054004126332083e-02 7.044448009575601e-02
-3.801935786069977e+00 7.253143284232732e-02 7.253143284232732e-02 7.243595165387461e-02
-3.770313009468293e+00 7.456170037118148e-02 7.456170037118148e-02 7.446638017280011e-02
-3.738690232866609e+00 7.663097716583525e-02 7.663097716583525e-02 7.653590224766133e-02
-3.707067456264925e+00 7.873937287213456e-02 7.873937287213456e-02 7.864463086390818e-02
-3.675444679663241e+00 8.088697271242212e-02 8.088697271242212e-02 8.079265464309592e-02
-3.643821903061558e+00 8.307383674005507e-02 8.307383674005507e-02 8.298003709647234e-02
-3.612199126459874e+00 8.529999910309415e-02 8.529999910309415e-02 8.520681588762053e-02
-3.580576349858190e+00 8.756546731844003e-02 8.756546731844003e-02 8.747300210542864e-02
-3.548953573256506e+00 8.987022155770929e-02 8.987022155770929e-02 8.977857954867508e-02
-3.517330796654822e+00 9.221421394615770e-02 9.221421394615770e-02 9.212350402353295e-02
-3.485708020053139e+00 9.459736787597134e-02 9.459736787597134e-02 9.450770265531014e-02
-3.454085243451455e+00 9.701957733525711e-02 9.701957733525711e-02 9.693107321575287e-02
-3.422462466849771e+00 9.948070625407276e-02 9.948070625407276e-02 9.939348346724915e-02
-3.390839690248087e+00 1.019805878688431e-01 1.019805878688431e-01 1.018947705252750e-01
-3.359216913646403e+00 1.045190241065129e-01 1.045190241065129e-01 1.044347402404309e-01
-3.327594137044720e+00 1.070957849897895e-01 1.070957849897895e-01 1.070131666014171e-01
-3.295971360443036e+00 1.097106080648257e-01 1.097106080648257e-01 1.096297911602963e-01
-3.264348583841352e+00 1.123631978526919e-01 1.123631978526919e-01 1.122843224813902e-01
-3.232725807239668e+00 1.150532253259805e-01 1.150532253259805e-01 1.149764356151466e-01
-3.201103030637984e+00 1.177803274118745e-01 1.177803274118745e-01 1.177057715983120e-01
-3.169480254036301e+00 1.205441065230054e-01 1.205441065230054e-01 1.204719369817274e-01
-3.137857477434617e+00 1.233441301174072e-01 1.233441301174072e-01 1.232745033870544e-01
-3.106234700832933e+00 1.261799302888597e-01 1.261799302888597e-01 1.261130070937227e-01
-3.074611924231249e+00 1.290510033888935e-01 1.290510033888935e-01 1.289869486573699e-01
-3.042989147629565e+00 1.319568096817065e-01 1.319568096817065e-01 1.318957925610214e-01
-3.011366371027882e+00 1.348967730332190e-01 1.348967730332190e-01 1.348389669002366e-01
-2.979743594426198e+00 1.378702806354616e-01 1.378702806354616e-01 1.378158631034170e-01
-2.948120817824514e+00 1.408766827674665e-01 1.408766827674665e-01 1.408258356884430e-01
-2.916498041222830e+00 1.439152925937922e-01 1.439152925937922e-01 1.438682020567725e-01
-2.884875264621147e+00 1.469853860017797e-01 1.469853860017797e-01 1.469422423260983e-01
-2.853252488019463e+00 1.500862014785974e-01 1.500862014785974e-01 1.500471992026229e-01
-2.821629711417779e+00 1.532169400290902e-01 1.532169400290902e-01 1.531822778939678e-01
-2.790006934816095e+00 1.563767651354033e-01 1.563767651354033e-01 1.563466460636879e-01
-2.758384158214411e+00 1.595648027593043e-01 1.595648027593043e-01 1.595394338283189e-01
-2.726761381612728e+00 1.627801413880759e-01 1.627801413880759e-01 1.627597337978310e-01
-2.695138605011044e+00 1.660218321248000e-01 1.660218321248000e-01 1.660066011603135e-01
-2.663515828409360e+00 1.692888888237978e-01 1.692888888237978e-01 1.692790538116579e-01
-2.631893051807676e+00 1.725802882719327e-01 1.725802882719327e-01 1.725760725309503e-01
-2.600270275205992e+00 1.758949704164221e-01 1.758949704164221e-01 1.758966012022246e-01
-2.568647498604309e+00 1.792318386397427e-01 1.792318386397427e-01 1.792395470831644e-01
-2.537024722002625e+00 1.825897600821475e-01 1.825897600821475e-01 1.826037811212788e-01
-2.505401945400941e+00 1.859675660122459e-01 1.859675660122459e-01 1.859881383180083e-01
-2.473779168799257e+00 1.893640522460295e-01 1.893640522460295e-01 1.893914181411510e-01
-2.442156392197573e+00 1.927779796146544e-01 1.927779796146544e-01 1.928123849859256e-01
-2.410533615595890e+00 1.962080744812177e-01 1.962080744812177e-01 1.962497686849180e-01
-2.378910838994206e+00 1.996530293066915e-01 1.996530293066915e-01 1.997022650670805e-01
-2.347288062392522e+00 2.031115032651001e-01 2.031115032651001e-01 2.031685365658805e-01
-2.315665285790838e+00 2.065821229079491e-01 2.065821229079491e-01 2.066472128766146e-01
-2.284042509189154e+00 2.100634828778351e-01 2.100634828778351e-01 2.101368916628268e-01
-2.252419732587471e+00 2.135541466710837e-01 2.135541466710837e-01 2.136361393116890e-01
-2.220796955985787e+00 2.170526474491837e-01 2.170526474491837e-01 2.171434917381215e-01
-2.189174179384103e+00 2.205574888986991e-01 2.205574888986991e-01 2.206574552373465e-01
-2.157551402782419e+00 2.240671461392612e-01 2.240671461392612e-01 2.241765073854885e-01
-2.125928626180735e+00 2.275800666791553e-01 2.275800666791553e-01 2.276990979877480e-01
-2.094305849579052e+00 2.310946714179353e-01 2.310946714179353e-01 2.312236500735937e-01
-2.062683072977368e+00 2.346093556954120e-01 2.346093556954120e-01 2.347485609383325e-01
-2.031060296375684e+00 2.381224903862774e-01 2.381224903862774e-01 2.382722032303322e-01
-1.999437519774000e+00 2.416324230395425e-01 2.416324230395425e-01 2.417929260830885e-01
-1.967814743172316e+00 2.451374790618803e-01 2.451374790618803e-01 2.453090562912420e-01
-1.936191966570633e+00 2.486359629438834e-01 2.486359629438834e-01 2.488188995295681e-01
-1.904569189968949e+00 2.521261595281597e-01 2.521261595281597e-01 2.523207416138791e-01
-1.872946413367265e+00 2.556063353181093e-01 2.556063353181093e-01 2.558128498026952e-01
-1.841323636765581e+00 2.590747398261418e-01 2.590747398261418e-01 2.592934741384607e-01
-1.809700860163898e+00 2.625296069600129e-01 2.625296069600129e-01 2.627608488269975e-01
-1.778078083562214e+00 2.659691564458820e-01 2.659691564458820e-01 2.662131936538149e-01
-1.746455306960530e+00 2.693915952866102e-01 2.693915952866102e-01 2.696487154358103e-01
-1.714832530358846e+00 2.727951192537465e-01 2.727951192537465e-01 2.730656095068245e-01
-1.683209753757162e+00 2.761779144115728e-01 2.761779144115728e-01 2.764620612354382e-01
-1.651586977155479e+00 2.795381586715067e-01 2.795381586715067e-01 2.798362475733255e-01
-1.619964200553795e+00 2.828740233750909e-01 2.828740233750909e-01 2.831863386324091e-01
-1.588341423952111e+00 2.861836749037322e-01 2.861836749037322e-01 2.865104992889942e-01
-1.556718647350427e+00 2.894652763132830e-01 2.894652763132830e-01 2.898068908129953e-01
-1.525095870748743e+00 2.927169889915025e-01 2.927169889915025e-01 2.930736725203030e-01
-1.493473094147060e+00 2.959369743363696e-01 2.959369743363696e-01 2.963090034462836e-01
-1.461850317545376e+00 2.991233954531660e-01 2.991233954531660e-01 2.995110440383422e-01
-1.430227540943692e+00 3.022744188681940e-01 3.022744188681940e-01 3.026779578654325e-01
-1.398604764342008e+00 3.053882162569429e-01 3.053882162569429e-01 3.058079133423396e-01
-1.366981987740324e+00 3.084629661844722e-01 3.084629661844722e-01 3.088990854665216e-01
-1.335359211138641e+00 3.114968558557374e-01 3.114968558557374e-01 3.119496575652480e-01
-1.303736434536957e+00 3.144880828735432e-01 3.144880828735432e-01 3.149578230507353e-01
-1.272113657935273e+00 3.174348570017744e-01 3.174348570017744e-01 3.179217871809453e-01
-1.240490881333589e+00 3.203354019315256e-01 3.203354019315256e-01 3.208397688236776e-01
-1.208868104731905e+00 3.231879570477199e-01 3.231879570477199e-01 3.237100022215612e-01
-1.177245328130222e+00 3.259907791937854e-01 3.259907791937854e-01 3.265307387555271e-01
-1.145622551528538e+00 3.287421444319414e-01 3.287421444319414e-01 3.293002487043229e-01
-1.113999774926854e+00 3.314403497966263e-01 3.314403497966263e-01 3.320168229976167e-01
-1.082376998325170e+00 3.340837150385963e-01 3.340837150385963e-01 3.346787749602242e-01
-1.050754221723486e+00 3.366705843572107e-01 3.366705843572107e-01 3.372844420449907e-01
-1.019131445121803e+00 3.391993281184248e-01 3.391993281184248e-01 3.398321875518532e-01
-9.875086685201189e-01 3.416683445560101e-01 3.416683445560101e-01 3.423204023306128e-01
-9.558858919184351e-01 3.440760614535324e-01 3.440760614535324e-01 3.447475064649550e-01
-9.242631153167513e-01 3.464209378046282e-01 3.464209378046282e-01 3.471119509352656e-01
-8.926403387150675e-01 3.487014654491403e-01 3.487014654491403e-01 3.494122192578058e-01
-8.610175621133837e-01 3.509161706826904e-01 3.509161706826904e-01 3.516468290978341e-01
-8.293947855116999e-01 3.530636158372982e-01 3.530636158372982e-01 3.538143338542826e-01
-7.977720089100161e-01 3.551424008306817e-01 3.551424008306817e-01 3.559133242136304e-01
-7.661492323083324e-01 3.571511646819136e-01 3.571511646819136e-01 3.579424296706468e-01
-7.345264557066486e-01 3.590885869911447e-01 3.590885869911447e-01 3.599003200137186e-01
-7.029036791049648e-01 3.609533893811512e-01 3.609533893811512e-01 3.617857067725170e-01
-6.712809025032810e-01 3.627443368985115e-01 3.627443368985115e-01 3.635973446258085e-01
-6.396581259015972e-01 3.644602393722696e-01 3.644602393722696e-01 3.653340327672653e-01
-6.080353492999134e-01 3.660999527280001e-01 3.660999527280001e-01 3.669946162271861e-01
-5.764125726982296e-01 3.676623802552512e-01 3.676623802552512e-01 3.685779871480985e-01
-5.447897960965458e-01 3.691464738264060e-01 3.691464738264060e-01 3.700830860122797e-01
-5.131670194948620e-01 3.705512350650719e-01 3.705512350650719e-01 3.715089028192966e-01
-4.815442428931782e-01 3.718757164621819e-01 3.718757164621819e-01 3.728544782117421e-01
-4.499214662914944e-01 3.731190224380648e-01 3.731190224380648e-01 3.741189045474165e-01
-4.182986896898106e-01 3.742803103488255e-01 3.742803103488255e-01 3.753013269162822e-01
-3.866759130881268e-01 3.753587914354545e-01 3.753587914354545e-01 3.764009441006042e-01
-3.550531364864430e-01 3.763537317141772e-01 3.763537317141772e-01 3.774170094767703e-01
-3.234303598847592e-01 3.772644528066390e-01 3.772644528066390e-01 3.783488318573772e-01
-2.918075832830755e-01 3.780903327086164e-01 3.780903327086164e-01 3.791957762722554e-01
-2.601848066813917e-01 3.788308064960384e-01 3.788308064960384e-01 3.799572646872048e-01
-2.285620300797079e-01 3.794853669671998e-01 3.794853669671998e-01 3.806327766593033e-01
-1.969392534780241e-01 3.800535652201476e-01 3.800535652201476e-01 3.812218499277545e-01
-1.653164768763403e-01 3.805350111643233e-01 3.805350111643233e-01 3.817240809393379e-01
-1.336937002746565e-01 3.809293739656476e-01 3.809293739656476e-01 3.821391253076279e-01
-1.020709236729727e-01 3.812363824243377e-01 3.812363824243377e-01 3.824666982052547e-01
-7.044814707128890e-02 3.814558252848567e-01 3.814558252848567e-01 3.827065746885812e-01
-3.882537046960510e-02 3.815875514774998e-01 3.815875514774998e-01 3.828585899542827e-01
-7.202593867921311e-03 3.816314702912317e-01 3.816314702912317e-01 3.829226395274184e-01
2.442018273376248e-02 3.815875514774998e-01 3.815875514774998e-01 3.828986793806977e-01
5.604295933544628e-02 3.814558252848567e-01 3.814558252848567e-01 3.827867259847493e-01
8.766573593713007e-02 3.812363824243377e-01 3.812363824243377e-01 3.825868562893153e-01
1.192885125388139e-01 3.809293739656476e-01 3.809293739656476e-01 3.822992076353977e-01
1.509112891404977e-01 3.805350111643233e-01 3.805350111643233e-01 3.819239775984999e-01
1.825340657421814e-01 3.800535652201476e-01 3.800535652201476e-01 3.814614237632103e-01
2.141568423438652e-01 3.794853669671998e-01 3.794853669671998e-01 3.809118634294884e-01
2.457796189455490e-01 3.788308064960384e-01 3.788308064960384e-01 3.802756732511196e-01
2.774023955472328e-01 3.780903327086164e-01 3.780903327086164e-01 3.795532888069140e-01
3.090251721489166e-01 3.772644528066390e-01 3.772644528066390e-01 3.787452041053289e-01
3.406479487506004e-01 3.763537317141772e-01 3.763537317141772e-01 3.778519710233029e-01
3.722707253522842e-01 3.753587914354545e-01 3.753587914354545e-01 3.768741986801877e-01
4.038935019539680e-01 3.742803103488255e-01 3.742803103488255e-01 3.758125527477715e-01
4.355162785556518e-01 3.731190224380648e-01 3.731190224380648e-01 3.746677546974816e-01
4.671390551573356e-01 3.718757164621819e-01 3.718757164621819e-01 3.734405809859547e-01
4.987618317590194e-01 3.705512350650719e-01 3.705512350650719e-01 3.721318621802580e-01
5.303846083607032e-01 3.691464738264060e-01 3.691464738264060e-01 3.707424820241336e-01
5.620073849623870e-01 3.676623802552512e-01 3.676623802552512e-01 3.692733764467327e-01
5.936301615640708e-01 3.660999527280001e-01 3.660999527280001e-01 3.677255325153893e-01
6.252529381657546e-01 3.644602393722696e-01 3.644602393722696e-01 3.660999873340673e-01
6.568757147674383e-01 3.627443368985115e-01 3.627443368985115e-01 3.643978268891974e-01
6.884984913691221e-01 3.609533893811512e-01 3.609533893811512e-01 3.626201848446923e-01
7.201212679708059e-01 3.590885869911447e-01 3.590885869911447e-01 3.607682412880082e-01
7.517440445724897e-01 3.571511646819136e-01 3.571511646819136e-01 3.588432214291840e-01
7.833668211741735e-01 3.551424008306817e-01 3.551424008306817e-01 3.568463942548598e-01
8.149895977758573e-01 3.530636158372982e-01 3.530636158372982e-01 3.547790711393364e-01
8.466123743775411e-01 3.509161706826904e-01 3.509161706826904e-01 3.526426044147939e-01
8.782351509792249e-01 3.487014654491403e-01 3.487014654491403e-01 3.504383859028449e-01
9.098579275809087e-01 3.464209378046282e-01 3.464209378046282e-01 3.481678454096434e-01
9.414807041825925e-01 3.440760614535324e-01 3.440760614535324e-01 3.458324491868167e-01
9.731034807842763e-01 3.416683445560101e-01 3.416683445560101e-01 3.434336983605304e-01
1.004726257385960e+00 3.391993281184248e-01 3.391993281184248e-01 3.409731273310298e-01
1.036349033987644e+00 3.366705843572107e-01 3.366705843572107e-01 3.384523021450346e-01
1.067971810589328e+00 3.340837150385963e-01 3.340837150385963e-01 3.358728188433914e-01
1.099594587191011e+00 3.314403497966263e-01 3.314403497966263e-01 3.332363017864095e-01
1.131217363792695e+00 3.287421444319414e-01 3.287421444319414e-01 3.305444019593256e-01
1.162840140394379e+00 3.259907791937854e-01 3.259907791937854e-01 3.277987952603566e-01
1.194462916996063e+00 3.231879570477199e-01 3.231879570477199e-01 3.250011807738058e-01
1.226085693597747e+00 3.203354019315256e-01 3.203354019315256e-01 3.221532790306980e-01
1.257708470199430e+00 3.174348570017744e-01 3.174348570017744e-01 3.192568302594122e-01
1.289331246801114e+00 3.144880828735432e-01 3.144880828735432e-01 3.163135926287832e-01
1.320954023402798e+00 3.114968558557374e-01 3.114968558557374e-01 3.133253404861281e-01
1.352576800004482e+00 3.084629661844722e-01 3.084629661844722e-01 3.102938625926455e-01
1.384199576606166e+00 3.053882162569429e-01 3.053882162569429e-01 3.072209603586146e-01
1.415822353207849e+00 3.022744188681940e-01 3.022744188681940e-01 3.041084460808017e-01
1.447445129809533e+00 2.991233954531660e-01 2.991233954531660e-01 3.009581411844527e-01
1.479067906411217e+00 2.959369743363696e-01 2.959369743363696e-01 2.977718744722245e-01
1.510690683012901e+00 2.927169889915025e-01 2.927169889915025e-01 2.945514803823702e-01
1.542313459614585e+00 2.894652763132830e-01 2.894652763132830e-01 2.912987972584576e-01
1.573936236216268e+00 2.861836749037322e-01 2.861836749037322e-01 2.880156656328581e-01
1.605559012817952e+00 2.828740233750909e-01 2.828740233750909e-01 2.847039265261972e-01
1.637181789419636e+00 2.795381586715067e-01 2.795381586715067e-01 2.813654197649121e-01
1.668804566021320e+00 2.761779144115728e-01 2.761779144115729e-01 2.780019823190048e-01
1.700427342623004e+00 2.727951192537465e-01 2.727951192537466e-01 2.746154466620291e-01
1.732050119224687e+00 2.693915952866102e-01 2.693915952866102e-01 2.712076391552883e-01
1.763672895826371e+00 2.659691564458820e-01 2.659691564458821e-01 2.677803784581600e-01
1.795295672428055e+00 2.625296069600129e-01 2.625296069600130e-01 2.643354739664011e-01
1.826918449029739e+00 2.590747398261418e-01 2.590747398261418e-01 2.608747242802179e-01
1.858541225631422e+00 2.556063353181093e-01 2.556063353181094e-01 2.573999157038204e-01
1.890164002233106e+00 2.521261595281597e-01 2.521261595281597e-01 2.539128207781035e-01
1.921786778834790e+00 2.486359629438834e-01 2.486359629438834e-01 2.504151968480302e-01
1.953409555436474e+00 2.451374790618803e-01 2.451374790618804e-01 2.469087846662122e-01
1.985032332038158e+00 2.416324230395425e-01 2.416324230395425e-01 2.433953070341087e-01
2.016655108639841e+00 2.381224903862774e-01 2.381224903862774e-01 2.398764674821848e-01
2.048277885241525e+00 2.346093556954120e-01 2.346093556954120e-01 2.363539489902910e-01
2.079900661843209e+00 2.310946714179353e-01 2.310946714179353e-01 2.328294127494443e-01
2.111523438444893e+00 2.275800666791553e-01 2.275800666791553e-01 2.293044969661096e-01
2.143146215046577e+00 2.240671461392612e-01 2.240671461392612e-01 2.257808157099959e-01
2.174768991648260e+00 2.205574888986991e-01 2.205574888986992e-01 2.222599578063008e-01
2.206391768249944e+00 2.170526474491837e-01 2.170526474491837e-01 2.187434857732487e-01
2.238014544851628e+00 2.135541466710837e-01 2.135541466710837e-01 2.152329348056877e-01
2.269637321453312e+00 2.100634828778351e-01 2.100634828778352e-01 2.117298118054235e-01
2.301260098054996e+00 2.065821229079491e-01 2.065821229079493e-01 2.082355944588841e-01
2.332882874656679e+00 2.031115032651001e-01 2.031115032651002e-01 2.047517303626267e-01
2.364505651258363e+00 1.996530293066915e-01 1.996530293066916e-01 2.012796361971109e-01
2.396128427860047e+00 1.962080744812177e-01 1.962080744812178e-01 1.978206969490837e-01
2.427751204461731e+00 1.927779796146544e-01 1.927779796146546e-01 1.943762651828342e-01
2.459373981063415e+00 1.893640522460295e-01 1.893640522460297e-01 1.909476603604993e-01
2.490996757665098e+00 1.859675660122459e-01 1.859675660122462e-01 1.875361682115155e-01
2.522619534266782e+00 1.825897600821475e-01 1.825897600821478e-01 1.841430401512380e-01
2.554242310868466e+00 1.792318386397427e-01 1.792318386397430e-01 1.807694927486655e-01
2.585865087470150e+00 1.758949704164221e-01 1.758949704164224e-01 1.774167072431351e-01
2.617487864071834e+00 1.725802882719327e-01 1.725802882719331e-01 1.740858291097758e-01
2.649110640673517e+00 1.692888888237978e-01 1.692888888237983e-01 1.707779676734349e-01
2.680733417275201e+00 1.660218321248000e-01 1.660218321248005e-01 1.674941957707215e-01
2.712356193876885e+00 1.627801413880759e-01 1.627801413880765e-01 1.642355494597394e-01
2.743978970478569e+00 1.595648027593043e-01 1.595648027593050e-01 1.610030277770164e-01
2.775601747080253e+00 1.563767651354033e-01 1.563767651354041e-01 1.577975925410707e-01
2.807224523681936e+00 1.532169400290902e-01 1.532169400290911e-01 1.546201682019895e-01
2.838847300283620e+00 1.500862014785974e-01 1.500862014785984e-01 1.514716417363386e-01
2.870470076885304e+00 1.469853860017797e-01 1.469853860017808e-01 1.483528625866590e-01
2.902092853486988e+00 1.439152925937922e-01 1.439152925937935e-01 1.452646426447516e-01
2.933715630088671e+00 1.408766827674665e-01 1.408766827674679e-01 1.422077562778997e-01
2.965338406690355e+00 1.378702806354616e-01 1.378702806354632e-01 1.391829403971252e-01
2.996961183292039e+00 1.348967730332190e-01 1.348967730332208e-01 1.361908945665266e-01
3.028583959893723e+00 1.319568096817065e-01 1.319568096817087e-01 1.332322811527038e-01
3.060206736495407e+00 1.290510033888935e-01 1.290510033888959e-01 1.303077255132284e-01
3.091829513097090e+00 1.261799302888597e-01 1.261799302888624e-01 1.274178162230801e-01
3.123452289698774e+00 1.233441301174072e-01 1.233441301174103e-01 1.245631053379325e-01
3.155075066300458e+00 1.205441065230054e-01 1.205441065230089e-01 1.217441086931364e-01
3.186697842902142e+00 1.177803274118745e-01 1.177803274118785e-01 1.189613062372170e-01
3.218320619503826e+00 1.150532253259805e-01 1.150532253259850e-01 1.162151423986739e-01
3.249943396105509e+00 1.123631978526919e-01 1.123631978526970e-01 1.135060264848437e-01
3.281566172707193e+00 1.097106080648257e-01 1.097106080648314e-01 1.108343331115667e-01
3.313188949308877e+00 1.070957849897895e-01 1.070957849897960e-01 1.082004026623726e-01
3.344811725910561e+00 1.045190241065129e-01 1.045190241065202e-01 1.056045417758883e-01
3.376434502512245e+00 1.019805878688431e-01 1.019805878688514e-01 1.030470238601524e-01
3.408057279113928e+00 9.948070625407276e-02 9.948070625408216e-02 1.005280896325088e-01
3.439680055715612e+00 9.701957733525711e-02 9.701957733526774e-02 9.804794768374506e-02
3.471302832317296e+00 9.459736787597134e-02 9.459736787598335e-02 9.560677506513166e-02
3.502925608918980e+00 9.221421394615770e-02 9.221421394617127e-02 9.320471789701419e-02
3.534548385520664e+00 8.987022155770929e-02 8.987022155772463e-02 9.084189199761056e-02
3.566171162122347e+00 8.756546731844003e-02 8.756546731845735e-02 8.851838353066426e-02
3.597793938724031e+00 8.529999910309415e-02 8.529999910311372e-02 8.623424967060850e-02
3.629416715325715e+00 8.307383674005507e-02 8.307383674007716e-02 8.398951928390170e-02
3.661039491927399e+00 8.088697271242212e-02 8.088697271244705e-02 8.178419362520226e-02
3.692662268529083e+00 7.873937287213456e-02 7.873937287216270e-02 7.961824704706072e-02
3.724285045130766e+00 7.663097716583525e-02 7.663097716586700e-02 7.749162772181952e-02
3.755907821732450e+00 7.456170037118148e-02 7.456170037121730e-02 7.540425837442474e-02
3.787530598334134e+00 7.253143284232732e-02 7.253143284236770e-02 7.335603702487029e-02
3.819153374935818e+00 7.054004126332083e-02 7.054004126336636e-02 7.134683773901323e-02
3.850776151537501e+00 6.858736940818013e-02 6.858736940823145e-02 6.937651138651869e-02
3.882398928139185e+00 6.667323890643449e-02 6.667323890649233e-02 6.744488640471435e-02
3.914021704740869e+00 6.479745001294075e-02 6.479745001300592e-02 6.555176956715786e-02
3.945644481342553e+00 6.295978238081067e-02 6.295978238088407e-02 6.369694675574513e-02
3.977267257944237e+00 6.115999583631180e-02 6.115999583639447e-02 6.188018373521387e-02
4.008890034545920e+00 5.939783115463258e-02 5.939783115472565e-02 6.010122692892406e-02
4.040512811147604e+00 5.767301083543171e-02 5.767301083553647e-02 5.835980419482602e-02
4.072135587749288e+00 5.598523987712271e-02 5.598523987724061e-02 5.665562560055691e-02
4.103758364350972e+00 5.433420654887579e-02 5.433420654900844e-02 5.498838419663710e-02
4.135381140952656e+00 5.271958315935197e-02 5.271958315950118e-02 5.335775678677048e-02
4.167003917554339e+00 5.114102682121779e-02 5.114102682138558e-02 5.176340469428543e-02
4.198626694156023e+00 4.959818021052297e-02 4.959818021071162e-02 5.020497452378688e-02
4.230249470757707e+00 4.809067232005844e-02 4.809067232027049e-02 4.868209891712463e-02
4.261872247359391e+00 4.661811920584743e-02 4.661811920608572e-02 4.719439730281798e-02
4.293495023961075e+00 4.518012472595829e-02 4.518012472622601e-02 4.574147663811239e-02
4.325117800562758e+00 4.377628127086414e-02 4.377628127116486e-02 4.432293214288002e-02
4.356740577164442e+00 4.240617048461097e-02 4.240617048494867e-02 4.293834802461238e-02
4.388363353766126e+00 4.106936397609272e-02 4.106936397647186e-02 4.158729819378996e-02
4.419986130367810e+00 3.976542401976909e-02 3.976542402019466e-02 4.026934696895076e-02
4.451608906969494e+00 3.849390424519866e-02 3.849390424567623e-02 3.898404977081636e-02
4.483231683571177e+00 3.725435031479733e-02 3.725435031533312e-02 3.773095380487154e-02
4.514854460172861e+00 3.604630058926885e-02 3.604630058986984e-02 3.650959873183013e-02
4.546477236774545e+00 3.486928678019138e-02 3.486928678086532e-02 3.531951732545674e-02
4.578100013376229e+00 3.372283458928029e-02 3.372283459003586e-02 3.416023611725080e-02
4.609722789977913e+00 3.260646433388432e-02 3.260646433473123e-02 3.303127602753555e-02
4.641345566579596e+00 3.151969155830775e-02 3.151969155925680e-02 3.193215298253079e-02
4.672968343181280e+00 3.046202763058707e-02 3.046202763165033e-02 3.086237851702402e-02
4.704591119782964e+00 2.943298032438574e-02 2.943298032557668e-02 2.982146036228950e-02
4.736213896384648e+00 2.843205438570529e-02 2.843205438703893e-02 2.880890301894003e-02
4.767836672986331e+00 2.745875208414478e-02 2.745875208563786e-02 2.782420831442976e-02
4.799459449588015e+00 2.651257374847433e-02 2.651257375014553e-02 2.686687594496067e-02
4.831082226189699e+00 2.559301828632096e-02 2.559301828819107e-02 2.593640400157754e-02
4.862705002791383e+00 2.469958368779681e-02 2.469958368988902e-02 2.503228948026893e-02
4.894327779393067e+00 2.383176751293137e-02 2.383176751527151e-02 2.415402877592310e-02
4.925950555994750e+00 2.298906736279944e-02 2.298906736541628e-02 2.330111816001807e-02
4.957573332596434e+00 2.217098133426614e-02 2.217098133719169e-02 2.247305424195554e-02
4.989196109198118e+00 2.137700845829908e-02 2.137700846156901e-02 2.166933441397671e-02
5.020818885799802e+00 2.060664912182564e-02 2.060664912547962e-02 2.088945727962671e-02
5.052441662401486e+00 1.985940547313984e-02 1.985940547722202e-02 2.013292306576121e-02
5.084064439003169e+00 1.913478181088962e-02 1.913478181544909e-02 1.939923401811518e-02
5.115687215604853e+00 1.843228495669997e-02 1.843228496179136e-02 1.868789478047905e-02
5.147309992206537e+00 1.775142461151157e-02 1.775142461719557e-02 1.799841275755205e-02
5.178932768808221e+00 1.709171369573722e-02 1.709171370208133e-02 1.733029846156544e-02
5.210555545409905e+00 1.645266867336082e-02 1.645266868044003e-02 1.668306584279118e-02
5.242178322011588e+00 1.583380986012393e-02 1.583380986802155e-02 1.605623260407269e-02
5.273801098613272e+00 1.523466171596556e-02 1.523466172477413e-02 1.544932049953455e-02
5.305423875214956e+00 1.465475312189909e-02 1.465475313172137e-02 1.486185561764764e-02
5.337046651816640e+00 1.409361764152862e-02 1.409361765247870e-02 1.429336864884424e-02
5.368669428418324e+00 1.355079376742346e-02 1.355079377962794e-02 1.374339513789486e-02
5.400292205020007e+00 1.302582515258553e-02 1.302582516618491e-02 1.321147572127506e-02
5.431914981621691e+00 1.251826082725921e-02 1.251826084240936e-02 1.269715634976534e-02
5.463537758223375e+00 1.202765540134685e-02 1.202765541822062e-02 1.219998849654185e-02
5.495160534825059e+00 1.155356925270608e-02 1.155356927149512e-02 1.171952935102840e-02
5.526783311426743e+00 1.109556870161668e-02 1.109556872253347e-02 1.125534199879292e-02
5.558406088028426e+00 1.065322617171591e-02 1.065322619499591e-02 1.080699558778240e-02
5.590028864630110e+00 1.022612033771065e-02 1.022612036361474e-02 1.037406548120086e-02
5.621651641231794e+00 9.813836260184023e-03 9.813836289001197e-03 9.956133397344058e-03
5.653274417833478e+00 9.415965507821880e-03 9.415965539872167e-03 9.552787536713200e-03
5.684897194435161e+00 9.032106267391844e-03 9.032106303029569e-03 9.163622696737282e-03
5.716519971036845e+00 8.661863441813688e-03 8.661863481431049e-03 8.788240374440373e-03
5.748142747638529e+00 8.304848736665251e-03 8.304848780696259e-03 8.426248857395840e-03
5.779765524240213e+00 7.960680735472589e-03 7.960680784397406e-03 8.077263303314426e-03
5.811388300841897e+00 7.628984964136789e-03 7.628985018486506e-03 7.740905808617147e-03
5.843011077443580e+00 7.309393944852779e-03 7.309394005214671e-03 7.416805466347232e-03
5.874633854045264e+00 7.001547239877633e-03 7.001547306900941e-03 7.104598413777854e-03
5.906256630646948e+00 6.705091485507294e-03 6.705091559909591e-03 6.803927870074106e-03
5.937879407248632e+00 6.419680416621367e-03 6.419680499195547e-03 6.514444164368751e-03
5.969502183850316e+00 6.144974882155639e-03 6.144974973777612e-03 6.235804754611560e-03
6.001124960451999e+00 5.880642851861403e-03 5.880642953498545e-03 5.967674237551786e-03
6.032747737053683e+00 5.626359414709398e-03 5.626359527429834e-03 5.709724350212289e-03
6.064370513655367e+00 5.381806769294339e-03 5.381806894277152e-03 5.461633963212318e-03
6.095993290257051e+00 5.146674206593639e-03 5.146674345140065e-03 5.223089066293754e-03
6.127616066858735e+00 4.920658085430923e-03 4.920658238976657e-03 4.993782746402945e-03
6.159238843460418e+00 4.703461800991559e-03 4.703461971120252e-03 4.773415158677029e-03
6.190861620062102e+00 4.494795746733420e-03 4.494795935191495e-03 4.561693490679924e-03
6.222484396663786e+00 4.294377270031774e-03 4.294377478744678e-03 4.358331920228970e-03
6.254107173265470e+00 4.101930621892347e-03 4.101930852982377e-03 4.163051567148615e-03
6.285729949867154e+00 3.917186901061413e-03 3.917187156867258e-03 3.975580439282469e-03
6.317352726468837e+00 3.739883992856207e-03 3.739884275954373e-03 3.795653373089685e-03
6.348975503070521e+00 3.569766503033018e-03 3.569766816261308e-03 3.623011969145825e-03
6.380598279672205e+00 3.406585687004125e-03 3.406586033487360e-03 3.457404522862316e-03
6.412221056273889e+00 3.250099374708193e-03 3.250099757886385e-03 3.298585950732182e-03
6.443843832875573e+00 3.100071891432004e-03 3.100072315091209e-03 3.146317712403114e-03
6.475466609477256e+00 2.956273974874367e-03 2.956274443180457e-03 3.000367728871998e-03
6.507089386078940e+00 2.818482688735840e-03 2.818483206271469e-03 2.860510297087923e-03
6.538712162680624e+00 2.686481333110501e-03 2.686481904915541e-03 2.726526001243350e-03
6.570334939282308e+00 2.560059351948404e-03 2.560059983564192e-03 2.598201621025622e-03
6.601957715883991e+00 2.439012237849697e-03 2.439012935367407e-03 2.475330037093353e-03
6.633580492485675e+00 2.323141434443499e-03 2.323142204557034e-03 2.357710134034455e-03
6.665203269087359e+00 2.212254236596748e-03 2.212255086660545e-03 2.245146701054662e-03
6.696826045689043e+00 2.106163688690210e-03 2.106164626782411e-03 2.137450330637465e-03
6.728448822290727e+00 2.004688481190803e-03 2.004689516182252e-03 2.034437315408312e-03
6.760071598892410e+00 1.907652845741261e-03 1.907653987370866e-03 1.935929543427857e-03
6.791694375494094e+00 1.814886448980106e-03 1.814887707937116e-03 1.841754392130934e-03
6.823317152095778e+00 1.726224285296713e-03 1.726225673310526e-03 1.751744621119798e-03
6.854939928697462e+00 1.641506568718224e-03 1.641508098656384e-03 1.665738264012091e-03
6.886562705299146e+00 1.560578624116931e-03 1.560580310092050e-03 1.583578519535861e-03
6.918185481900829e+00 1.483290777918789e-03 1.483292635405146e-03 1.505113642055954e-03
6.949808258502513e+00 1.409498248485699e-03 1.409500294446387e-03 1.430196831708086e-03
6.981431035104197e+00 1.339061036336356e-03 1.339063289361871e-03 1.358686124308943e-03
7.013053811705881e+00 1.271843814362614e-03 1.271846294821893e-03 1.290444281202875e-03
7.044676588307565e+00 1.207715818190651e-03 1.207718548395619e-03 1.225338679197914e-03
7.076299364909248e+00 1.146550736828575e-03 1.146553741213378e-03 1.163241200736256e-03
7.107922141510932e+00 1.088226603734677e-03 1.088229909050833e-03 1.104028124436761e-03
7.139544918112616e+00 1.032625688433134e-03 1.032629323961985e-03 1.047580016139639e-03
7.171167694714300e+00 9.796343887967843e-04 9.796383865807116e-04 9.937816205761847e-04
7.202790471315984e+00 9.291431241095194e-04 9.291475192035003e-04 9.425217537792935e-04
7.234413247917667e+00 8.810462290138853e-04 8.810510597591252e-04 8.936931963434839e-04
7.266036024519351e+00 8.352418484427604e-04 8.352471567642451e-04 8.471925876363221e-04
7.297658801121035e+00 7.916318336273499e-04 7.916376653573255e-04 8.029203210564585e-04
7.329281577722719e+00 7.501216392673122e-04 7.501280444968570e-04 7.607804404269755e-04
7.360904354324403e+00 7.106202219425741e-04 7.106272554035973e-04 7.206805376064053e-04
7.392527130926086e+00 6.730399398403045e-04 6.730476613204949e-04 6.825316513936101e-04
7.424149907527770e+00 6.372964538646188e-04 6.373049286580604e-04 6.462481677967319e-04
7.455772684129454e+00 6.033086301908596e-04 6.033179295872499e-04 6.117477217306137e-04
7.487395460731138e+00 5.709984443207691e-04 5.710086461364016e-04 5.789511002014772e-04
7.519018237332821e+00 5.402908866895172e-04 5.403020758434364e-04 5.477821470322054e-04
7.550641013934505e+00 5.111138698703870e-04 5.111261390093901e-04 5.181676691763363e-04
7.582263790536189e+00 4.833981374179479e-04 4.834115875943890e-04 4.900373446638158e-04
7.613886567137873e+00 4.570771743857589e-04 4.570919157924163e-04 4.633236322166911e-04
7.645509343739557e+00 4.320871195500479e-04 4.321032723166423e-04 4.379616825682461e-04
7.677132120341240e+00 4.083666793664031e-04 4.083843744227019e-04 4.138892515145920e-04
7.708754896942924e+00 3.858570436822861e-04 3.858764236931052e-04 3.910466147234209e-04
7.740377673544608e+00 3.645018032241370e-04 3.645230236019530e-04 3.693764843205170e-04
7.772000450146292e+00 3.442468688739858e-04 3.442700988752989e-04 3.488239272706855e-04
7.803623226747976e+00 3.250403927468040e-04 3.250658166588552e-04 3.293362855660124e-04
7.835246003349659e+00 3.068326910763344e-04 3.068605095012695e-04 3.108630982307983e-04
7.866868779951343e+00 2.895761689138126e-04 2.896066001579139e-04 2.933560251491196e-04
7.898491556553027e+00 2.732252466408400e-04 2.732585282170102e-04 2.767687727177547e-04
7.930114333154711e+00 2.577362882946905e-04 2.577726785469726e-04 2.610570213241694e-04
7.961737109756395e+00 2.430675317015109e-04 2.431073115610745e-04 2.461783546463813e-04
7.993359886358078e+00 2.291790204102253e-04 2.292224952929342e-04 2.320921907688116e-04
8.024982662959762e+00 2.160325374174540e-04 2.160800392738657e-04 2.187597151056892e-04
8.056605439561446e+00 2.035915406714171e-04 2.036434302008471e-04 2.061438151211765e-04
8.088228216163130e+00 1.918211003406010e-04 1.918777693817217e-04 1.942090168331561e-04
8.119850992764814e+00 1.806878378309179e-04 1.807497119422538e-04 1.829214230855253e-04
8.151473769366497e+00 1.701598665331877e-04 1.702274077778198e-04 1.722486535719102e-04
8.183096545968181e+00 1.602067342810010e-04 1.602804442308075e-04 1.621597865919072e-04
8.214719322569865e+00 1.507993674973899e-04 1.508797904732308e-04 1.526253025193002e-04
8.246342099171549e+00 1.419100170072247e-04 1.419977435726316e-04 1.436170289601706e-04
8.277964875773233e+00 1.335122054908756e-04 1.336078762180302e-04 1.351080875774139e-04
8.309587652374916e+00 1.255806765534103e-04 1.256849860815055e-04 1.270728425569011e-04
8.341210428976600e+00 1.180913453824531e-04 1.182050467899153e-04 1.194868506893605e-04
8.372833205578284e+00 1.110212509667885e-04 1.111451604803223e-04 1.123268130410124e-04
8.404455982179968e+00 1.043485098468600e-04 1.044835119118454e-04 1.055705281850522e-04
8.436078758781652e+00 9.805227136747958e-05 9.819932410592314e-05 9.919684696525028e-05
8.467701535383335e+00 9.211267440232533e-05 9.227281548634411e-05 9.318562876220419e-05
8.499324311985019e+00 8.651080551915754e-05 8.668515848986018e-05 8.751769923214921e-05
8.530947088586703e+00 8.122865855412452e-05 8.141843961775697e-05 8.217480948769204e-05
8.562569865188387e+00 7.624909556305038e-05 7.645562089840099e-05 7.713959668937889e-05
8.594192641790070e+00 7.155580911719799e-05 7.178050273051306e-05 7.239554601663973e-05
8.625815418391754e+00 6.713328591067381e-05 6.737768807672857e-05 6.792695398636126e-05
8.657438194993438e+00 6.296677164638432e-05 6.323254797689258e-05 6.371889308712429e-05
8.689060971595122e+00 5.904223716726219e-05 5.933118835049853e-05 5.975717769699768e-05
8.720683748196806e+00 5.534634579934940e-05 5.566041805770843e-05 5.602833125270285e-05
8.752306524798489e+00 5.186642187325077e-05 5.220771818848767e-05 5.251955463794880e-05
8.783929301400173e+00 4.859042039045085e-05 4.896121254954433e-05 4.921869575878122e-05
8.815552078001857e+00 4.550689780101550e-05 4.590963931897792e-05 4.611422027389086e-05
8.847174854603541e+00 4.260498385927368e-05 4.304232383881297e-05 4.319518344797629e-05
8.878797631205225e+00 3.987435452419085e-05 4.034915251591470e-05 4.045120309645859e-05
8.910420407806908e+00 3.730520587129985e-05 3.782054780215476e-05 3.787243359008887e-05
8.942043184408592e+00 3.488822898324393e-05 3.544744422511141e-05 3.544954088827761e-05
8.973665961010276e+00 3.261458578620786e-05 3.322126544104748e-05 3.317367857030059e-05
9.005288737611960e+00 3.047588579976188e-05 3.113390228240847e-05 3.103646483389524e-05
9.036911514213644e+00 2.846416376791766e-05 2.917769177261937e-05 2.902996043115705e-05
9.068534290815327e+00 2.657185813949219e-05 2.734539708152986e-05 2.714664751206656e-05
9.100157067417011e+00 2.479179036619153e-05 2.563018839546053e-05 2.537940934642849e-05
9.131779844018695e+00 2.311714498715872e-05 2.402562467643610e-05 2.372151089547850e-05
9.163402620620379e+00 2.154145046907692e-05 2.252563628585248e-05 2.216658020490873e-05
9.195025397222063e+00 2.005856077127632e-05 2.112450844851064e-05 2.070859059157863e-05
9.226648173823746e+00 1.866263760566021e-05 1.981686553366078e-05 1.934184359671010e-05
9.258270950425430e+00 1.734813336163858e-05 1.859765613043164e-05 1.806095267891316e-05
9.289893727027114e+00 1.610977466663507e-05 1.746213889577172e-05 1.686082762094804e-05
9.321516503628798e+00 1.494254655311247e-05 1.640586915379902e-05 1.573665962470102e-05
9.353139280230482e+00 1.384167720344132e-05 1.542468622624275e-05 1.468390706943100e-05
9.384762056832165e+00 1.280262324431406e-05 1.451470147446188e-05 1.369828190893012e-05
9.416384833433849e+00 1.182105556278027e-05 1.367228703434154e-05 1.277573668383633e-05
9.448007610035533e+00 1.089284561634760e-05 1.289406522619623e-05 1.191245212592973e-05
9.479630386637217e+00 1.001405220995318e-05 1.217689862264814e-05 1.110482533184579e-05
9.511253163238900e+00 9.180908712963104e-06 1.151788075829910e-05 1.034945848423779e-05
9.542875939840584e+00 8.389810689699300e-06 1.091432746587305e-05 9.643148099020856e-06
9.574498716442268e+00 7.637303917323635e-06 1.036376882437340e-05 8.982874777928361e-06
9.606121493043952e+00 6.920072765226321e-06 9.863941705674083e-06 8.365793446208752e-06
9.637744269645636e+00 6.234928910369186e-06 9.412782906844025e-06 7.789224055881395e-06
9.669367046247319e+00 5.578800363322248e-06 9.008422856391598e-06 7.250642735559884e-06
9.700989822849003e+00 4.948720780003801e-06 8.649179883507672e-06 6.747673368432745e-06
9.732612599450687e+00 4.341819034388602e-06 8.333555040282149e-06 6.278079580568016e-06
9.764235376052371e+00 3.755309027685031e-06 8.060227467769322e-06 5.839757122277846e-06
9.795858152654055e+00 3.186479709699366e-06 7.828050297681100e-06 5.430726625840261e-06
9.827480929255738e+00 2.632685288302964e-06 7.636047082393887e-06 5.049126723429221e-06
9.859103705857422e+00 2.091335603095353e-06 7.483408746864080e-06 4.693207509648384e-06
9.890726482459106e+00 1.559886639512637e-06 7.369491056958469e-06 4.361324333598398e-06
9.922349259060790e+00 1.035831159765531e-06 7.293812599618915e-06 4.051931905934994e-06
9.953972035662474e+00 5.166894271044533e-07 7.256053271195151e-06 3.763578706886934e-06
9.985594812264157e+00 0.000000000000000e+00 7.256053271195151e-06 3.494901681711491e-06
