-2.000000	-4.662344e+00	-4.662371e+00
-2.301030	-5.264416e+00	-5.264606e+00
-2.477121	-5.616601e+00	-5.616161e+00
-2.602060	-5.866479e+00	-5.867616e+00
-2.698970	-6.060299e+00	-6.061457e+00
-2.778151	-6.218662e+00	-6.218570e+00
-2.845098	-6.352556e+00	-6.350803e+00
-2.903090	-6.468540e+00	-6.471911e+00
-2.954243	-6.570845e+00	-6.576313e+00
-3.000000	-6.662360e+00	-6.659976e+00
-3.041393	-6.745145e+00	-6.742274e+00
-3.079181	-6.820722e+00	-6.812805e+00
-3.113943	-6.890246e+00	-6.901164e+00
-3.146128	-6.954615e+00	-6.954266e+00
-3.176091	-7.014542e+00	-7.024588e+00
-3.204120	-7.070602e+00	-7.080167e+00
-3.230449	-7.123257e+00	-7.138805e+00
-3.255273	-7.172901e+00	-7.176122e+00
-3.278754	-7.219866e+00	-7.224960e+00
-3.301030	-7.264420e+00	-7.292027e+00
-3.322219	-7.306792e+00	-7.326713e+00
-3.342423	-7.347208e+00	-7.329477e+00
-3.361728	-7.385820e+00	-7.361258e+00
-3.380211	-7.422784e+00	-7.438201e+00
-3.397940	-7.458238e+00	-7.475199e+00
-3.414973	-7.492303e+00	-7.535372e+00
-3.431364	-7.525087e+00	-7.517690e+00
-3.447158	-7.556661e+00	-7.586679e+00
-3.462398	-7.587179e+00	-7.530225e+00
-3.477121	-7.616588e+00	-7.632866e+00
-3.491362	-7.645099e+00	-7.654726e+00
-3.505150	-7.672641e+00	-7.682479e+00
-3.518514	-7.699404e+00	-7.635255e+00
-3.531479	-7.725338e+00	-7.734797e+00
-3.544068	-7.750513e+00	-7.731226e+00
-3.556303	-7.774963e+00	-7.724449e+00
-3.568202	-7.798732e+00	-7.701430e+00
-3.579784	-7.821941e+00	-7.773882e+00
-3.591065	-7.844506e+00	-7.889927e+00
-3.602060	-7.866441e+00	-7.932951e+00
-3.612784	-7.887928e+00	-7.816180e+00
-3.623249	-7.908910e+00	-7.827033e+00
-3.633468	-7.929242e+00	-8.032914e+00
-3.643453	-7.949284e+00	-7.856299e+00
-3.653213	-7.968688e+00	-8.068038e+00
-3.662758	-7.987896e+00	-8.083783e+00
-3.672098	-8.006570e+00	-7.972295e+00
-3.681241	-8.024849e+00	-8.082194e+00
-3.690196	-8.042833e+00	-7.943461e+00
-3.698970	-8.060211e+00	-7.982698e+00
-3.707570	-8.077621e+00	-8.002196e+00
-3.716003	-8.094318e+00	-8.113748e+00
-3.724276	-8.110850e+00	-8.074547e+00
-3.732394	-8.127166e+00	-7.989398e+00
-3.740363	-8.143106e+00	-8.116324e+00
-3.748188	-8.158884e+00	-8.154835e+00
-3.755875	-8.174323e+00	-8.145143e+00
-3.763428	-8.189539e+00	-8.132712e+00
-3.770852	-8.204206e+00	-7.969772e+00
-3.778151	-8.218829e+00	-8.211137e+00
-3.785330	-8.233040e+00	-8.310220e+00
-3.792392	-8.247163e+00	-8.251464e+00
-3.799341	-8.261056e+00	-8.083208e+00
-3.806180	-8.274835e+00	-8.081217e+00
-3.812913	-8.288047e+00	-8.057094e+00
-3.819544	-8.301766e+00	-8.202500e+00
-3.826075	-8.314574e+00	-8.399680e+00
-3.832509	-8.327342e+00	-8.007645e+00
-3.838849	-8.340412e+00	-8.011929e+00
-3.845098	-8.352270e+00	-8.276037e+00
-3.851258	-8.365122e+00	-8.323176e+00
-3.857332	-8.377033e+00	-8.030570e+00
-3.863323	-8.388914e+00	-8.361555e+00
-3.869232	-8.400938e+00	-8.471722e+00
-3.875061	-8.412750e+00	-8.300757e+00
-3.880814	-8.424430e+00	-8.410961e+00
-3.886491	-8.435284e+00	-8.147261e+00
-3.892095	-8.446445e+00	-8.498837e+00
-3.897627	-8.457238e+00	-8.354911e+00
-3.903090	-8.468807e+00	-8.418633e+00
-3.908485	-8.479487e+00	-8.061326e+00
-3.913814	-8.490025e+00	-8.390393e+00
-3.919078	-8.501319e+00	-8.076595e+00
-3.924279	-8.510926e+00	-8.435550e+00
-3.929419	-8.520849e+00	-8.292106e+00
-3.934498	-8.531376e+00	-8.236143e+00
-3.939519	-8.541511e+00	-8.579519e+00
-3.944483	-8.550550e+00	-8.611475e+00
-3.949390	-8.561087e+00	-8.574908e+00
-3.954243	-8.569840e+00	-8.515014e+00
-3.959041	-8.580434e+00	-8.165007e+00
-3.963788	-8.589393e+00	-8.069840e+00
-3.968483	-8.599200e+00	-8.781814e+00
-3.973128	-8.609181e+00	-8.779122e+00
-3.977724	-8.617219e+00	-8.635233e+00
-3.982271	-8.626807e+00	-8.048604e+00
-3.986772	-8.635553e+00	-8.519753e+00
-3.991226	-8.645564e+00	-8.674901e+00
-3.995635	-8.653502e+00	-8.686670e+00
-4.000000	-8.662258e+00	-8.338918e+00
-4.004321	-8.670630e+00	-8.332114e+00
-4.008600	-8.679968e+00	-8.214112e+00
-4.012837	-8.687228e+00	-8.404124e+00
-4.017033	-8.697103e+00	-8.328717e+00
-4.021189	-8.704419e+00	-8.169944e+00
-4.025306	-8.712485e+00	-8.679495e+00
-4.029384	-8.721540e+00	-8.731625e+00
-4.033424	-8.730147e+00	-8.769273e+00
-4.037426	-8.738974e+00	-8.349609e+00
-4.041393	-8.744590e+00	-8.151538e+00
-4.045323	-8.752676e+00	-8.547794e+00
-4.049218	-8.760421e+00	-8.327631e+00
-4.053078	-8.768664e+00	-8.034492e+00
-4.056905	-8.774583e+00	-8.179340e+00
-4.060698	-8.783011e+00	-8.002347e+00
-4.064458	-8.791481e+00	-8.056576e+00
-4.068186	-8.800415e+00	-8.043008e+00
-4.071882	-8.806535e+00	-8.652789e+00
-4.075547	-8.810823e+00	-8.089020e+00
-4.079181	-8.821485e+00	-8.695002e+00
-4.082785	-8.829280e+00	-8.857654e+00
-4.086360	-8.834491e+00	-8.620953e+00
-4.089905	-8.844183e+00	-8.520856e+00
-4.093422	-8.847901e+00	-8.155286e+00
-4.096910	-8.855592e+00	-8.153585e+00
-4.100371	-8.863241e+00	-8.386482e+00
-4.103804	-8.869541e+00	-8.744025e+00
-4.107210	-8.876985e+00	-8.602754e+00
-4.110590	-8.882859e+00	-8.574551e+00
-4.113943	-8.890837e+00	-8.942459e+00
-4.117271	-8.900164e+00	-8.396383e+00
-4.120574	-8.903121e+00	-8.003711e+00
-4.123852	-8.913254e+00	-8.460117e+00
-4.127105	-8.914981e+00	-8.336619e+00
-4.130334	-8.921624e+00	-8.479417e+00
-4.133539	-8.932663e+00	-8.027788e+00
-4.136721	-8.936697e+00	-8.571170e+00
-4.139879	-8.939707e+00	-8.636390e+00
-4.143015	-8.947725e+00	-8.718206e+00
-4.146128	-8.952308e+00	-8.117144e+00
-4.149219	-8.962380e+00	-8.041164e+00
-4.152288	-8.967157e+00	-8.424335e+00
-4.155336	-8.974795e+00	-8.161589e+00
-4.158362	-8.980145e+00	-8.349178e+00
-4.161368	-8.982904e+00	-8.641244e+00
-4.164353	-8.997942e+00	-8.471743e+00
-4.167317	-9.000314e+00	-8.112951e+00
-4.170262	-9.001875e+00	-8.142545e+00
-4.173186	-9.008909e+00	-8.234750e+00
-4.176091	-9.011088e+00	-9.077294e+00
-4.178977	-9.019412e+00	-8.327896e+00
-4.181844	-9.026628e+00	-8.053637e+00
-4.184691	-9.031191e+00	-8.412064e+00
-4.187521	-9.039600e+00	-8.336173e+00
-4.190332	-9.040965e+00	-8.834159e+00
-4.193125	-9.051332e+00	-8.202458e+00
-4.195900	-9.059898e+00	-8.360586e+00
-4.198657	-9.060310e+00	-8.156224e+00
-4.201397	-9.064218e+00	-8.277075e+00
-4.204120	-9.069557e+00	-8.488345e+00
-4.206826	-9.084116e+00	-8.622446e+00
-4.209515	-9.079356e+00	-9.045394e+00
-4.212188	-9.081848e+00	-8.315742e+00
-4.214844	-9.103946e+00	-8.185595e+00
-4.217484	-9.095766e+00	-8.970458e+00
-4.220108	-9.100185e+00	-8.088059e+00
-4.222716	-9.109602e+00	-8.153019e+00
-4.225309	-9.111505e+00	-8.169530e+00
-4.227887	-9.115601e+00	-8.507790e+00
-4.230449	-9.132003e+00	-8.051728e+00
-4.232996	-9.119877e+00	-8.058875e+00
-4.235528	-9.126699e+00	-8.434032e+00
-4.238046	-9.134617e+00	-8.578347e+00
-4.240549	-9.147108e+00	-8.133415e+00
-4.243038	-9.158027e+00	-8.476823e+00
-4.245513	-9.148916e+00	-8.317038e+00
-4.247973	-9.155871e+00	-8.359329e+00
-4.250420	-9.168976e+00	-8.092111e+00
-4.252853	-9.168408e+00	-8.896135e+00
-4.255273	-9.169569e+00	-7.962119e+00
-4.257679	-9.178585e+00	-8.023760e+00
-4.260071	-9.184526e+00	-8.112482e+00
-4.262451	-9.199380e+00	-8.192197e+00
-4.264818	-9.194039e+00	-8.219572e+00
-4.267172	-9.195241e+00	-8.281960e+00
-4.269513	-9.202073e+00	-8.294491e+00
-4.271842	-9.204465e+00	-8.107736e+00
-4.274158	-9.204407e+00	-8.172781e+00
-4.276462	-9.215881e+00	-8.016811e+00
-4.278754	-9.224927e+00	-8.113066e+00
-4.281033	-9.231711e+00	-8.682634e+00
-4.283301	-9.226994e+00	-8.014023e+00
-4.285557	-9.250743e+00	-8.142721e+00
-4.287802	-9.239625e+00	-8.537638e+00
-4.290035	-9.233959e+00	-8.699519e+00
-4.292256	-9.248620e+00	-8.464716e+00
-4.294466	-9.250620e+00	-8.457307e+00
-4.296665	-9.261452e+00	-8.392954e+00
-4.298853	-9.253864e+00	-8.426816e+00
-4.301030	-9.260142e+00	-8.272662e+00
-4.303196	-9.263426e+00	-8.323457e+00
-4.305351	-9.276263e+00	-8.277601e+00
-4.307496	-9.288637e+00	-8.270895e+00
-4.309630	-9.274636e+00	-8.616275e+00
-4.311754	-9.284616e+00	-8.728487e+00
-4.313867	-9.290498e+00	-8.023936e+00
-4.315970	-9.284917e+00	-8.673215e+00
-4.318063	-9.290698e+00	-8.016964e+00
-4.320146	-9.305878e+00	-8.542944e+00
-4.322219	-9.309966e+00	-8.317249e+00
-4.324282	-9.302946e+00	-8.932261e+00
-4.326336	-9.314337e+00	-8.407494e+00
-4.328380	-9.315012e+00	-8.480857e+00
-4.330414	-9.316474e+00	-8.160048e+00
-4.332438	-9.323700e+00	-8.796163e+00
-4.334454	-9.329655e+00	-8.470033e+00
-4.336460	-9.345075e+00	-8.064900e+00
-4.338456	-9.363076e+00	-8.242558e+00
-4.340444	-9.358254e+00	-8.061038e+00
-4.342423	-9.328067e+00	-8.318525e+00
-4.344392	-9.338191e+00	-8.182429e+00
-4.346353	-9.357686e+00	-8.120328e+00
-4.348305	-9.347795e+00	-8.063201e+00
-4.350248	-9.359300e+00	-8.425300e+00
-4.352183	-9.393069e+00	-8.261444e+00
-4.354108	-9.382361e+00	-8.261436e+00
-4.356026	-9.359285e+00	-8.064031e+00
-4.357935	-9.378474e+00	-7.960649e+00
-4.359835	-9.400973e+00	-8.725608e+00
-4.361728	-9.389272e+00	-8.539319e+00
-4.363612	-9.388359e+00	-8.169552e+00
-4.365488	-9.377438e+00	-8.062933e+00
-4.367356	-9.447592e+00	-8.543451e+00
-4.369216	-9.412005e+00	-8.177749e+00
-4.371068	-9.400039e+00	-8.304572e+00
-4.372912	-9.412318e+00	-8.446755e+00
-4.374748	-9.391374e+00	-8.036730e+00
-4.376577	-9.433744e+00	-8.308894e+00
-4.378398	-9.392687e+00	-8.557583e+00
-4.380211	-9.464672e+00	-8.043569e+00
-4.382017	-9.421893e+00	-8.576489e+00
-4.383815	-9.426185e+00	-8.395561e+00
-4.385606	-9.459541e+00	-8.853634e+00
-4.387390	-9.474264e+00	-8.182045e+00
-4.389166	-9.441639e+00	-8.344515e+00
-4.390935	-9.451888e+00	-7.966068e+00
-4.392697	-9.449207e+00	-8.159254e+00
-4.394452	-9.463800e+00	-9.203263e+00
-4.396199	-9.457773e+00	-8.519189e+00
-4.397940	-9.466966e+00	-8.260269e+00
-4.399674	-9.452273e+00	-8.318183e+00
-4.401401	-9.441416e+00	-8.093468e+00
-4.403121	-9.456123e+00	-8.228730e+00
-4.404834	-9.461342e+00	-8.291515e+00
-4.406540	-9.450818e+00	-8.824658e+00
-4.408240	-9.444456e+00	-8.109309e+00
-4.409933	-9.462785e+00	-8.486366e+00
-4.411620	-9.456901e+00	-8.214001e+00
-4.413300	-9.467634e+00	-8.071190e+00
-4.414973	-9.448334e+00	-8.326961e+00
-4.416641	-9.495505e+00	-8.403898e+00
-4.418301	-9.516393e+00	-7.937717e+00
-4.419956	-9.522499e+00	-8.117670e+00
-4.421604	-9.523761e+00	-8.185903e+00
-4.423246	-9.499405e+00	-8.150996e+00
-4.424882	-9.541444e+00	-8.510012e+00
-4.426511	-9.495293e+00	-7.908112e+00
-4.428135	-9.520024e+00	-8.195512e+00
-4.429752	-9.519582e+00	-8.173068e+00
-4.431364	-9.540884e+00	-7.826242e+00
-4.432969	-9.495022e+00	-8.804821e+00
-4.434569	-9.511175e+00	-8.226582e+00
-4.436163	-9.516254e+00	-8.198670e+00
-4.437751	-9.535253e+00	-8.074027e+00
-4.439333	-9.528718e+00	-8.479900e+00
-4.440909	-9.543933e+00	-7.772018e+00
-4.442480	-9.527350e+00	-7.838469e+00
-4.444045	-9.562536e+00	-8.002592e+00
-4.445604	-9.576833e+00	-8.432295e+00
-4.447158	-9.602364e+00	-8.379045e+00
-4.448706	-9.588597e+00	-8.000071e+00
-4.450249	-9.591430e+00	-8.391380e+00
-4.451786	-9.546020e+00	-8.156484e+00
-4.453318	-9.561130e+00	-7.988053e+00
-4.454845	-9.589648e+00	-8.026335e+00
-4.456366	-9.553370e+00	-8.191900e+00
-4.457882	-9.607854e+00	-7.986542e+00
-4.459392	-9.590719e+00	-8.475312e+00
-4.460898	-9.587834e+00	-8.295768e+00
-4.462398	-9.631940e+00	-8.267786e+00
-4.463893	-9.612769e+00	-8.029831e+00
-4.465383	-9.640620e+00	-8.112577e+00
-4.466868	-9.611159e+00	-8.162147e+00
-4.468347	-9.555361e+00	-8.128829e+00
-4.469822	-9.631361e+00	-7.914050e+00
-4.471292	-9.621128e+00	-8.229437e+00
-4.472756	-9.627017e+00	-8.276039e+00
-4.474216	-9.609868e+00	-7.788436e+00
-4.475671	-9.598666e+00	-8.086682e+00
-4.477121	-9.621907e+00	-8.196888e+00
-4.478566	-9.602617e+00	-8.080112e+00
-4.480007	-9.645096e+00	-8.040674e+00
-4.481443	-9.586232e+00	-8.452553e+00
-4.482874	-9.633685e+00	-7.784691e+00
-4.484300	-9.661697e+00	-7.982423e+00
-4.485721	-9.608120e+00	-7.940751e+00
-4.487138	-9.608769e+00	-7.875104e+00
-4.488551	-9.617770e+00	-8.273770e+00
-4.489958	-9.645085e+00	-8.245119e+00
-4.491362	-9.651518e+00	-8.305508e+00
-4.492760	-9.642540e+00	-8.005776e+00
-4.494155	-9.646554e+00	-8.012615e+00
-4.495544	-9.666374e+00	-8.087107e+00
-4.496930	-9.754293e+00	-8.569315e+00
-4.498311	-9.730395e+00	-8.213111e+00
-4.499687	-9.650442e+00	-7.798237e+00
-4.501059	-9.655364e+00	-7.946934e+00
-4.502427	-9.694247e+00	-8.558320e+00
-4.503791	-9.686407e+00	-8.398868e+00
-4.505150	-9.696902e+00	-8.084868e+00
-4.506505	-9.706214e+00	-8.127108e+00
-4.507856	-9.718541e+00	-8.339988e+00
-4.509203	-9.750098e+00	-8.015384e+00
-4.510545	-9.762176e+00	-8.301409e+00
-4.511883	-9.681348e+00	-8.574731e+00
-4.513218	-9.682548e+00	-8.235710e+00
-4.514548	-9.633739e+00	-8.192017e+00
-4.515874	-9.730659e+00	-8.805909e+00
-4.517196	-9.763822e+00	-8.384199e+00
-4.518514	-9.827991e+00	-7.941633e+00
-4.519828	-9.725828e+00	-8.007896e+00
-4.521138	-9.690650e+00	-8.005153e+00
-4.522444	-9.703310e+00	-8.151677e+00
-4.523746	-9.726591e+00	-7.697415e+00
-4.525045	-9.635748e+00	-8.228804e+00
-4.526339	-9.764159e+00	-8.390426e+00
-4.527630	-9.729754e+00	-8.240740e+00
-4.528917	-9.673331e+00	-8.567775e+00
-4.530200	-9.751652e+00	-7.978384e+00
-4.531479	-9.716916e+00	-8.466544e+00
-4.532754	-9.727510e+00	-8.333273e+00
-4.534026	-9.733259e+00	-7.795578e+00
-4.535294	-9.698108e+00	-7.918212e+00
-4.536558	-9.734218e+00	-8.198459e+00
-4.537819	-9.768794e+00	-7.894774e+00
-4.539076	-9.756512e+00	-7.735846e+00
-4.540329	-9.767304e+00	-8.048992e+00
-4.541579	-9.915328e+00	-8.042447e+00
-4.542825	-9.658739e+00	-8.129467e+00
-4.544068	-9.856478e+00	-8.445805e+00
-4.545307	-9.702894e+00	-8.253044e+00
-4.546543	-9.684352e+00	-7.829426e+00
-4.547775	-9.716782e+00	-8.069083e+00
-4.549003	-9.725682e+00	-8.021888e+00
-4.550228	-9.659321e+00	-7.674069e+00
-4.551450	-9.765030e+00	-7.692910e+00
-4.552668	-9.637676e+00	-8.038268e+00
-4.553883	-9.778562e+00	-8.197002e+00
-4.555094	-9.705702e+00	-8.038012e+00
-4.556303	-9.721468e+00	-7.857042e+00
-4.557507	-9.783605e+00	-8.388042e+00
-4.558709	-9.756210e+00	-7.949393e+00
-4.559907	-9.808247e+00	-8.406479e+00
-4.561101	-9.707626e+00	-7.776057e+00
-4.562293	-9.712137e+00	-7.902470e+00
-4.563481	-9.733477e+00	-7.609631e+00
-4.564666	-9.848518e+00	-8.850997e+00
-4.565848	-9.803239e+00	-8.592002e+00
-4.567026	-9.921685e+00	-7.536163e+00
-4.568202	-9.706146e+00	-7.760202e+00
-4.569374	-9.752586e+00	-8.097882e+00
-4.570543	-9.705895e+00	-7.798648e+00
-4.571709	-9.947622e+00	-7.704577e+00
-4.572872	-9.817120e+00	-8.093147e+00
-4.574031	-9.806290e+00	-7.739305e+00
-4.575188	-1.006934e+01	-8.019753e+00
-4.576341	-9.908722e+00	-8.127851e+00
-4.577492	-9.759194e+00	-7.850695e+00
-4.578639	-9.824763e+00	-7.538447e+00
-4.579784	-9.863375e+00	-8.390414e+00
-4.580925	-9.998287e+00	-8.130870e+00
-4.582063	-9.952850e+00	-7.738508e+00
-4.583199	-9.771916e+00	-7.722494e+00
-4.584331	-9.981955e+00	-8.139777e+00
-4.585461	-9.868529e+00	-7.925698e+00
-4.586587	-1.004514e+01	-7.835784e+00
-4.587711	-9.642133e+00	-7.784235e+00
-4.588832	-9.694282e+00	-8.908790e+00
-4.589950	-9.887032e+00	-8.065144e+00
-4.591065	-9.989521e+00	-7.879841e+00
-4.592177	-9.888779e+00	-8.628330e+00
-4.593286	-9.871353e+00	-7.829252e+00
-4.594393	-9.807774e+00	-7.512517e+00
-4.595496	-9.804883e+00	-7.844329e+00
-4.596597	-1.000559e+01	-7.598959e+00
-4.597695	-9.991095e+00	-8.455912e+00
-4.598791	-1.004847e+01	-7.644056e+00
-4.599883	-9.812099e+00	-7.840899e+00
-4.600973	-9.858971e+00	-8.553925e+00
-4.602060	-9.920002e+00	-7.481308e+00
-4.603144	-1.001003e+01	-8.084047e+00
-4.604226	-9.745227e+00	-8.343643e+00
-4.605305	-9.878765e+00	-7.764157e+00
-4.606381	-9.906440e+00	-8.073271e+00
-4.607455	-1.005038e+01	-7.582004e+00
-4.608526	-9.999349e+00	-7.834203e+00
-4.609594	-9.895848e+00	-8.537336e+00
-4.610660	-9.872675e+00	-7.810364e+00
-4.611723	-1.005514e+01	-7.797481e+00
-4.612784	-9.824068e+00	-7.580864e+00
-4.613842	-9.908759e+00	-8.194537e+00
-4.614897	-9.790473e+00	-7.837762e+00
-4.615950	-9.809619e+00	-7.805708e+00
-4.617000	-9.785109e+00	-8.749885e+00
-4.618048	-9.834302e+00	-7.694611e+00
-4.619093	-9.967583e+00	-7.953358e+00
-4.620136	-9.917575e+00	-7.806213e+00
-4.621176	-9.915424e+00	-7.546555e+00
-4.622214	-9.955173e+00	-8.620935e+00
-4.623249	-9.890909e+00	-7.963465e+00
-4.624282	-9.832052e+00	-7.813546e+00
-4.625312	-1.011459e+01	-7.607329e+00
-4.626340	-9.828354e+00	-7.694509e+00
-4.627366	-9.862524e+00	-8.032926e+00
-4.628389	-9.969435e+00	-7.740301e+00
-4.629410	-9.832699e+00	-7.608015e+00
-4.630428	-1.003421e+01	-7.502622e+00
-4.631444	-1.004631e+01	-8.053505e+00
-4.632457	-9.752643e+00	-7.695793e+00
-4.633468	-1.002303e+01	-7.553268e+00
-4.634477	-9.914633e+00	-8.042776e+00
-4.635484	-1.003385e+01	-8.072715e+00
-4.636488	-9.754392e+00	-7.419294e+00
-4.637490	-9.849062e+00	-7.594479e+00
-4.638489	-1.003619e+01	-7.796938e+00
-4.639486	-9.893422e+00	-8.174813e+00
-4.640481	-9.908551e+00	-7.795360e+00
-4.641474	-9.821184e+00	-7.446304e+00
-4.642465	-1.042565e+01	-7.850972e+00
-4.643453	-9.929771e+00	-8.055217e+00
-4.644439	-9.859010e+00	-7.897804e+00
-4.645422	-9.835989e+00	-8.010066e+00
-4.646404	-1.020176e+01	-8.175744e+00
-4.647383	-9.908984e+00	-7.940342e+00
-4.648360	-9.962212e+00	-8.273166e+00
-4.649335	-9.846082e+00	-8.192174e+00
-4.650308	-9.826569e+00	-7.783072e+00
-4.651278	-9.989421e+00	-8.108147e+00
-4.652246	-1.014380e+01	-7.571309e+00
-4.653213	-9.861138e+00	-7.423453e+00
-4.654177	-9.983605e+00	-7.539148e+00
-4.655138	-9.894923e+00	-8.253837e+00
-4.656098	-9.832409e+00	-7.964015e+00
-4.657056	-9.920696e+00	-8.147847e+00
-4.658011	-9.943129e+00	-7.962290e+00
-4.658965	-9.932041e+00	-8.128872e+00
-4.659916	-1.026562e+01	-7.638341e+00
-4.660865	-1.002218e+01	-8.192782e+00
-4.661813	-1.009045e+01	-7.452020e+00
-4.662758	-9.974306e+00	-7.787254e+00
-4.663701	-1.012679e+01	-7.598990e+00
-4.664642	-9.947725e+00	-7.560050e+00
-4.665581	-9.895574e+00	-7.935095e+00
-4.666518	-1.019878e+01	-7.847069e+00
-4.667453	-1.001351e+01	-7.382225e+00
-4.668386	-1.026533e+01	-7.556146e+00
-4.669317	-1.016281e+01	-7.710290e+00
-4.670246	-9.788159e+00	-8.419637e+00
-4.671173	-9.847326e+00	-7.560859e+00
-4.672098	-1.036687e+01	-7.567848e+00
-4.673021	-9.934275e+00	-7.672634e+00
-4.673942	-9.956070e+00	-8.167483e+00
-4.674861	-9.955382e+00	-7.468603e+00
-4.675778	-1.024408e+01	-7.410470e+00
-4.676694	-9.726675e+00	-7.504840e+00
-4.677607	-1.028967e+01	-7.546221e+00
-4.678518	-1.024083e+01	-8.107894e+00
-4.679428	-1.021144e+01	-7.564056e+00
-4.680336	-1.003568e+01	-7.547320e+00
-4.681241	-1.003348e+01	-7.676487e+00
-4.682145	-1.024232e+01	-7.599812e+00
-4.683047	-9.853902e+00	-7.933768e+00
-4.683947	-9.771558e+00	-7.976691e+00
-4.684845	-1.010995e+01	-8.514337e+00
-4.685742	-9.887711e+00	-7.868701e+00
-4.686636	-9.697805e+00	-7.525031e+00
-4.687529	-1.010315e+01	-7.595380e+00
-4.688420	-9.863443e+00	-8.268940e+00
-4.689309	-1.031363e+01	-7.588113e+00
-4.690196	-9.848511e+00	-7.677210e+00
-4.691081	-9.913099e+00	-8.092487e+00
-4.691965	-1.001836e+01	-8.102787e+00
-4.692847	-1.039193e+01	-7.896403e+00
-4.693727	-9.961258e+00	-8.028002e+00
-4.694605	-1.026334e+01	-7.694105e+00
-4.695482	-1.020716e+01	-8.374537e+00
-4.696356	-1.011303e+01	-7.284090e+00
-4.697229	-1.026978e+01	-7.543562e+00
-4.698101	-9.732509e+00	-7.336593e+00
-4.698970	-1.023711e+01	-7.455345e+00
-4.699838	-9.890126e+00	-7.725193e+00
-4.700704	-9.869784e+00	-7.393555e+00
-4.701568	-1.016814e+01	-8.190685e+00
-4.702431	-1.044191e+01	-7.673470e+00
-4.703291	-1.043655e+01	-7.833760e+00
-4.704151	-1.025519e+01	-7.433305e+00
-4.705008	-1.023978e+01	-7.676388e+00
-4.705864	-1.001033e+01	-7.583715e+00
-4.706718	-1.028879e+01	-7.488612e+00
-4.707570	-1.037145e+01	-7.900875e+00
-4.708421	-1.018827e+01	-8.022782e+00
-4.709270	-9.852498e+00	-7.751615e+00
-4.710117	-1.022910e+01	-8.004430e+00
-4.710963	-9.934991e+00	-7.808413e+00
-4.711807	-9.748893e+00	-7.634040e+00
-4.712650	-1.047085e+01	-7.556680e+00
-4.713491	-1.011590e+01	-7.540535e+00
-4.714330	-9.819989e+00	-7.859598e+00
-4.715167	-1.025248e+01	-7.604531e+00
-4.716003	-1.043876e+01	-8.469848e+00
-4.716838	-9.947885e+00	-8.030155e+00
-4.717671	-1.015385e+01	-8.331313e+00
-4.718502	-9.786993e+00	-7.880151e+00
-4.719331	-1.022758e+01	-8.135969e+00
-4.720159	-9.828286e+00	-7.961263e+00
-4.720986	-1.026343e+01	-7.546092e+00
-4.721811	-9.896325e+00	-7.770771e+00
-4.722634	-9.927939e+00	-7.843626e+00
-4.723456	-1.008564e+01	-7.572793e+00
-4.724276	-1.042527e+01	-8.022334e+00
-4.725095	-1.007324e+01	-7.704459e+00
-4.725912	-1.015097e+01	-8.516341e+00
-4.726727	-9.769562e+00	-7.681386e+00
-4.727541	-9.752445e+00	-8.114318e+00
-4.728354	-1.010632e+01	-7.353283e+00
-4.729165	-1.018749e+01	-7.244661e+00
-4.729974	-9.840678e+00	-9.270717e+00
-4.730782	-1.008603e+01	-7.688672e+00
-4.731589	-9.845720e+00	-7.847665e+00
-4.732394	-1.025644e+01	-7.346707e+00
-4.733197	-1.002513e+01	-7.751040e+00
-4.733999	-1.008510e+01	-7.699337e+00
-4.734800	-1.024471e+01	-7.438681e+00
-4.735599	-1.057390e+01	-7.861991e+00
-4.736397	-9.649946e+00	-7.745563e+00
-4.737193	-1.035651e+01	-8.224328e+00
-4.737987	-1.043114e+01	-7.794472e+00
-4.738781	-1.032256e+01	-7.430312e+00
-4.739572	-9.725701e+00	-7.690966e+00
-4.740363	-9.671438e+00	-7.823467e+00
-4.741152	-1.059976e+01	-7.916859e+00
-4.741939	-9.795256e+00	-8.299467e+00
-4.742725	-9.889614e+00	-7.457244e+00
-4.743510	-9.964486e+00	-7.900664e+00
-4.744293	-1.018956e+01	-8.205725e+00
-4.745075	-1.020703e+01	-7.751440e+00
-4.745855	-1.011534e+01	-7.771385e+00
-4.746634	-9.631209e+00	-7.379399e+00
-4.747412	-1.044242e+01	-8.171986e+00
-4.748188	-9.895616e+00	-7.312228e+00
-4.748963	-9.826894e+00	-7.646757e+00
-4.749736	-1.053665e+01	-8.146959e+00
-4.750508	-9.948643e+00	-8.160843e+00
-4.751279	-1.040940e+01	-7.681718e+00
-4.752048	-9.849851e+00	-7.664953e+00
-4.752816	-1.009925e+01	-7.827185e+00
-4.753583	-1.004471e+01	-7.682116e+00
-4.754348	-9.985321e+00	-7.422933e+00
-4.755112	-1.005489e+01	-8.246808e+00
-4.755875	-9.976279e+00	-7.616550e+00
-4.756636	-1.010259e+01	-7.435204e+00
-4.757396	-1.031100e+01	-8.149835e+00
-4.758155	-1.018817e+01	-8.101665e+00
-4.758912	-1.052320e+01	-7.619614e+00
-4.759668	-1.011611e+01	-7.336537e+00
-4.760422	-1.000895e+01	-7.601546e+00
-4.761176	-1.006207e+01	-7.192428e+00
-4.761928	-1.050360e+01	-8.196561e+00
-4.762679	-9.902164e+00	-7.529329e+00
-4.763428	-1.022653e+01	-7.177631e+00
-4.764176	-1.010963e+01	-7.359547e+00
-4.764923	-1.013176e+01	-7.518144e+00
-4.765669	-1.016175e+01	-7.429296e+00
-4.766413	-9.837078e+00	-8.462169e+00
-4.767156	-9.846154e+00	-7.334857e+00
-4.767898	-9.951890e+00	-7.589648e+00
-4.768638	-1.014608e+01	-7.668269e+00
-4.769377	-1.016335e+01	-7.994184e+00
-4.770115	-1.052125e+01	-7.669046e+00
-4.770852	-9.921770e+00	-7.960586e+00
-4.771587	-1.062770e+01	-8.163555e+00
-4.772322	-9.592225e+00	-7.545097e+00
-4.773055	-1.041659e+01	-7.675746e+00
-4.773786	-9.725936e+00	-7.318343e+00
-4.774517	-9.852017e+00	-7.997004e+00
-4.775246	-9.960966e+00	-7.416890e+00
-4.775974	-1.032496e+01	-7.527836e+00
-4.776701	-1.000336e+01	-7.396459e+00
-4.777427	-1.037321e+01	-7.554768e+00
-4.778151	-1.037371e+01	-8.477280e+00
-4.778874	-1.043554e+01	-7.344818e+00
-4.779596	-1.048165e+01	-7.350384e+00
-4.780317	-1.031669e+01	-7.366637e+00
-4.781037	-1.029714e+01	-7.312538e+00
-4.781755	-1.030292e+01	-7.947629e+00
-4.782473	-1.047732e+01	-7.286091e+00
-4.783189	-1.002747e+01	-7.694652e+00
-4.783904	-1.016697e+01	-7.399793e+00
-4.784617	-1.038880e+01	-7.116342e+00
-4.785330	-1.007410e+01	-7.375666e+00
-4.786041	-9.952435e+00	-7.240833e+00
-4.786751	-1.016915e+01	-7.649613e+00
-4.787460	-9.896100e+00	-7.955735e+00
-4.788168	-1.025520e+01	-7.842799e+00
-4.788875	-9.958341e+00	-7.138751e+00
-4.789581	-9.967523e+00	-7.548988e+00
-4.790285	-1.009205e+01	-7.405655e+00
-4.790988	-1.024129e+01	-7.708415e+00
-4.791691	-9.898355e+00	-7.516641e+00
-4.792392	-1.028041e+01	-7.491362e+00
-4.793092	-9.855842e+00	-7.351707e+00
-4.793790	-1.014068e+01	-7.563072e+00
-4.794488	-1.044569e+01	-7.097637e+00
-4.795185	-1.023875e+01	-7.769536e+00
-4.795880	-9.926122e+00	-8.760921e+00
-4.796574	-9.914869e+00	-8.409255e+00
-4.797268	-1.042548e+01	-7.817251e+00
-4.797960	-9.892862e+00	-7.269558e+00
-4.798651	-9.989724e+00	-7.742517e+00
-4.799341	-9.774907e+00	-7.332147e+00
-4.800029	-1.008109e+01	-8.095054e+00
-4.800717	-1.036668e+01	-7.980801e+00
-4.801404	-1.003021e+01	-9.020508e+00
-4.802089	-1.037746e+01	-7.987464e+00
-4.802774	-1.039722e+01	-7.396727e+00
-4.803457	-1.038224e+01	-7.836117e+00
-4.804139	-1.041351e+01	-8.185480e+00
-4.804821	-1.040028e+01	-7.804377e+00
-4.805501	-9.979300e+00	-7.370234e+00
-4.806180	-1.017277e+01	-7.226677e+00
-4.806858	-9.961836e+00	-7.150789e+00
-4.807535	-1.017654e+01	-7.313578e+00
-4.808211	-9.863237e+00	-7.081009e+00
-4.808886	-1.035955e+01	-7.669141e+00
-4.809560	-1.011430e+01	-8.536346e+00
-4.810233	-1.074046e+01	-8.423678e+00
-4.810904	-9.984950e+00	-7.238322e+00
-4.811575	-1.038872e+01	-7.764689e+00
-4.812245	-1.023537e+01	-7.548194e+00
-4.812913	-1.039266e+01	-7.530800e+00
-4.813581	-1.071611e+01	-7.426006e+00
-4.814248	-1.016366e+01	-7.491915e+00
-4.814913	-9.910433e+00	-7.539667e+00
-4.815578	-9.971479e+00	-7.827871e+00
-4.816241	-1.064140e+01	-7.374745e+00
-4.816904	-9.758135e+00	-9.052756e+00
-4.817565	-9.911337e+00	-7.428978e+00
-4.818226	-9.888731e+00	-7.260681e+00
-4.818885	-1.020028e+01	-7.126899e+00
-4.819544	-9.992525e+00	-7.673623e+00
-4.820201	-9.643935e+00	-7.161449e+00
-4.820858	-9.854419e+00	-7.243878e+00
-4.821514	-9.810321e+00	-7.596947e+00
-4.822168	-1.040350e+01	-7.303808e+00
-4.822822	-9.576566e+00	-8.136404e+00
-4.823474	-9.952673e+00	-7.279375e+00
-4.824126	-1.020900e+01	-7.208006e+00
-4.824776	-9.693236e+00	-7.124309e+00
-4.825426	-9.636689e+00	-7.143818e+00
-4.826075	-1.026818e+01	-7.317583e+00
-4.826723	-9.699922e+00	-7.301459e+00
-4.827369	-9.881928e+00	-7.875633e+00
-4.828015	-9.924999e+00	-7.788523e+00
-4.828660	-1.013010e+01	-8.215069e+00
-4.829304	-9.832088e+00	-7.995021e+00
-4.829947	-1.012940e+01	-7.455157e+00
-4.830589	-9.975285e+00	-7.157463e+00
-4.831230	-9.826973e+00	-7.675752e+00
-4.831870	-9.744091e+00	-7.274570e+00
-4.832509	-1.005141e+01	-7.453000e+00
-4.833147	-9.677103e+00	-7.281402e+00
-4.833784	-9.792492e+00	-7.443170e+00
-4.834421	-9.852245e+00	-7.463566e+00
-4.835056	-1.047609e+01	-7.088062e+00
-4.835691	-1.038009e+01	-7.791233e+00
-4.836324	-1.010218e+01	-7.205485e+00
-4.836957	-9.974174e+00	-7.394449e+00
-4.837588	-9.929956e+00	-7.018811e+00
-4.838219	-1.011483e+01	-7.999002e+00
-4.838849	-1.054901e+01	-7.387822e+00
-4.839478	-9.713574e+00	-7.480568e+00
-4.840106	-1.017107e+01	-7.059864e+00
-4.840733	-1.036051e+01	-8.117014e+00
-4.841359	-9.923845e+00	-7.911025e+00
-4.841985	-1.034918e+01	-7.602782e+00
-4.842609	-9.699930e+00	-7.259246e+00
-4.843233	-9.606985e+00	-7.715311e+00
-4.843855	-1.071191e+01	-7.867114e+00
-4.844477	-1.056731e+01	-7.966705e+00
-4.845098	-1.029600e+01	-8.057742e+00
-4.845718	-9.744787e+00	-7.861015e+00
-4.846337	-1.030702e+01	-8.300315e+00
-4.846955	-9.983089e+00	-7.330051e+00
-4.847573	-9.724360e+00	-7.273591e+00
-4.848189	-1.035575e+01	-7.024470e+00
-4.848805	-9.655363e+00	-7.218450e+00
-4.849419	-9.950074e+00	-8.135428e+00
-4.850033	-1.001154e+01	-8.099545e+00
-4.850646	-9.620766e+00	-8.007781e+00
-4.851258	-1.006494e+01	-7.520735e+00
-4.851870	-9.963854e+00	-7.211315e+00
-4.852480	-9.893552e+00	-7.648405e+00
-4.853090	-9.850377e+00	-7.159872e+00
-4.853698	-1.020221e+01	-7.483084e+00
-4.854306	-9.751456e+00	-7.172929e+00
-4.854913	-9.968968e+00	-7.527837e+00
-4.855519	-1.016072e+01	-8.492961e+00
-4.856124	-1.017208e+01	-7.417901e+00
-4.856729	-1.029080e+01	-7.342611e+00
-4.857332	-9.606944e+00	-7.985545e+00
-4.857935	-9.778257e+00	-7.167685e+00
-4.858537	-9.948274e+00	-7.576793e+00
-4.859138	-1.027797e+01	-8.085214e+00
-4.859739	-9.895557e+00	-7.398666e+00
-4.860338	-9.749739e+00	-8.114352e+00
-4.860937	-1.006442e+01	-7.496572e+00
-4.861534	-1.008302e+01	-6.979653e+00
-4.862131	-1.008141e+01	-7.738218e+00
-4.862728	-1.014416e+01	-7.531129e+00
-4.863323	-1.017607e+01	-7.958560e+00
-4.863917	-1.020259e+01	-7.273924e+00
-4.864511	-1.019209e+01	-7.022578e+00
-4.865104	-1.029209e+01	-7.749676e+00
-4.865696	-9.966637e+00	-7.335598e+00
-4.866287	-9.851720e+00	-7.766163e+00
-4.866878	-9.858786e+00	-6.955102e+00
-4.867467	-1.021354e+01	-7.330453e+00
-4.868056	-1.065823e+01	-7.035972e+00
-4.868644	-9.986962e+00	-7.318151e+00
-4.869232	-1.002016e+01	-7.731262e+00
-4.869818	-9.713067e+00	-7.009945e+00
-4.870404	-1.025634e+01	-8.026244e+00
-4.870989	-1.022283e+01	-7.635693e+00
-4.871573	-1.033850e+01	-7.704862e+00
-4.872156	-1.002568e+01	-8.055505e+00
-4.872739	-1.005043e+01	-7.153343e+00
-4.873321	-1.004003e+01	-7.233899e+00
-4.873902	-9.941790e+00	-7.345668e+00
-4.874482	-9.935987e+00	-6.961843e+00
-4.875061	-9.968736e+00	-7.636079e+00
-4.875640	-1.016996e+01	-7.319980e+00
-4.876218	-1.007687e+01	-7.392835e+00
-4.876795	-9.665071e+00	-7.278361e+00
-4.877371	-9.911776e+00	-7.495704e+00
-4.877947	-9.692666e+00	-7.667853e+00
-4.878522	-1.027497e+01	-6.981288e+00
-4.879096	-1.006847e+01	-7.271504e+00
-4.879669	-9.452265e+00	-7.662659e+00
-4.880242	-9.663048e+00	-8.179974e+00
-4.880814	-9.643900e+00	-7.621308e+00
-4.881385	-1.001294e+01	-7.474091e+00
-4.881955	-1.004408e+01	-7.437469e+00
-4.882525	-9.953202e+00	-7.144152e+00
-4.883093	-9.768329e+00	-7.549074e+00
-4.883661	-1.048903e+01	-8.510673e+00
-4.884229	-1.003577e+01	-7.354617e+00
-4.884795	-1.012001e+01	-7.662038e+00
-4.885361	-9.918605e+00	-7.141390e+00
-4.885926	-1.026562e+01	-7.193887e+00
-4.886491	-9.935100e+00	-7.530366e+00
-4.887054	-9.847832e+00	-7.142815e+00
-4.887617	-9.604363e+00	-7.235105e+00
-4.888179	-1.023457e+01	-7.637701e+00
-4.888741	-1.012314e+01	-8.027178e+00
-4.889302	-9.852524e+00	-7.443589e+00
-4.889862	-9.825553e+00	-7.950873e+00
-4.890421	-9.887762e+00	-7.407038e+00
-4.890980	-9.695753e+00	-8.120680e+00
-4.891537	-1.002968e+01	-7.812864e+00
-4.892095	-1.042800e+01	-7.448662e+00
-4.892651	-9.869595e+00	-7.564204e+00
-4.893207	-9.854650e+00	-7.600828e+00
-4.893762	-1.062013e+01	-7.910340e+00
-4.894316	-9.560422e+00	-7.738089e+00
-4.894870	-9.653265e+00	-7.491011e+00
-4.895423	-1.001898e+01	-7.675664e+00
-4.895975	-9.828130e+00	-7.195545e+00
-4.896526	-9.674400e+00	-7.116012e+00
-4.897077	-1.014235e+01	-7.567444e+00
-4.897627	-1.012303e+01	-7.618991e+00
-4.898176	-9.812993e+00	-7.924381e+00
-4.898725	-9.795373e+00	-7.062507e+00
-4.899273	-1.044855e+01	-8.492253e+00
-4.899821	-1.020482e+01	-6.952191e+00
-4.900367	-9.832951e+00	-6.943263e+00
-4.900913	-9.829033e+00	-7.766839e+00
-4.901458	-9.991172e+00	-7.598526e+00
-4.902003	-1.029669e+01	-7.338070e+00
-4.902547	-9.708761e+00	-7.215597e+00
-4.903090	-9.833088e+00	-7.807127e+00
-4.903633	-1.005102e+01	-8.169796e+00
-4.904174	-1.012895e+01	-7.250303e+00
-4.904716	-9.798915e+00	-6.978555e+00
-4.905256	-1.015585e+01	-7.318155e+00
-4.905796	-9.743457e+00	-7.339021e+00
-4.906335	-9.660697e+00	-7.115395e+00
-4.906874	-9.553831e+00	-7.693347e+00
-4.907411	-9.789173e+00	-7.310744e+00
-4.907949	-1.022630e+01	-7.135758e+00
-4.908485	-9.682618e+00	-6.936641e+00
-4.909021	-1.001748e+01	-7.479041e+00
-4.909556	-9.832237e+00	-8.084306e+00
-4.910091	-1.011065e+01	-7.135862e+00
-4.910624	-1.006710e+01	-7.322091e+00
-4.911158	-1.046981e+01	-7.543226e+00
-4.911690	-9.552125e+00	-7.464724e+00
-4.912222	-9.909076e+00	-7.139082e+00
-4.912753	-9.699277e+00	-7.485932e+00
-4.913284	-9.660910e+00	-7.557612e+00
-4.913814	-1.018337e+01	-7.250991e+00
-4.914343	-1.005930e+01	-7.536764e+00
-4.914872	-9.728669e+00	-7.237265e+00
-4.915400	-1.004015e+01	-7.464427e+00
-4.915927	-1.022754e+01	-7.988076e+00
-4.916454	-1.006562e+01	-7.089495e+00
-4.916980	-1.026178e+01	-7.090906e+00
-4.917506	-9.927399e+00	-7.224667e+00
-4.918030	-9.967061e+00	-6.855619e+00
-4.918555	-1.031539e+01	-7.522265e+00
-4.919078	-9.966746e+00	-6.897988e+00
-4.919601	-1.009759e+01	-6.978327e+00
-4.920123	-1.007281e+01	-7.114071e+00
-4.920645	-9.616342e+00	-7.933081e+00
-4.921166	-9.835288e+00	-7.944558e+00
-4.921686	-9.812230e+00	-7.205306e+00
-4.922206	-1.045684e+01	-7.244664e+00
-4.922725	-1.001207e+01	-7.178449e+00
-4.923244	-9.968242e+00	-8.660559e+00
-4.923762	-9.964089e+00	-7.206416e+00
-4.924279	-9.493515e+00	-7.045947e+00
-4.924796	-1.000506e+01	-6.886649e+00
-4.925312	-1.004733e+01	-7.453951e+00
-4.925828	-1.008477e+01	-8.021974e+00
-4.926342	-1.002316e+01	-7.602481e+00
-4.926857	-1.001944e+01	-7.805641e+00
-4.927370	-1.017693e+01	-7.515021e+00
-4.927883	-1.006899e+01	-7.245796e+00
-4.928396	-1.013923e+01	-7.184956e+00
-4.928908	-9.899117e+00	-8.061674e+00
-4.929419	-1.020845e+01	-7.460880e+00
-4.929930	-1.001588e+01	-7.291483e+00
-4.930440	-9.948471e+00	-7.616070e+00
-4.930949	-1.022855e+01	-6.835699e+00
-4.931458	-1.049191e+01	-7.547423e+00
-4.931966	-9.833808e+00	-7.110105e+00
-4.932474	-1.027770e+01	-8.324125e+00
-4.932981	-9.769120e+00	-7.871391e+00
-4.933487	-1.038583e+01	-7.602202e+00
-4.933993	-1.010239e+01	-6.846938e+00
-4.934498	-1.017039e+01	-6.886090e+00
-4.935003	-9.798837e+00	-7.681993e+00
-4.935507	-9.707517e+00	-6.944309e+00
-4.936011	-9.700004e+00	-7.379144e+00
-4.936514	-1.010767e+01	-7.540670e+00
-4.937016	-1.027721e+01	-7.511182e+00
-4.937518	-9.427777e+00	-7.149318e+00
-4.938019	-1.064854e+01	-7.403383e+00
-4.938520	-1.017034e+01	-8.268507e+00
-4.939020	-9.921008e+00	-7.436743e+00
-4.939519	-9.984560e+00	-7.031253e+00
-4.940018	-9.853868e+00	-7.680366e+00
-4.940516	-1.008547e+01	-6.960156e+00
-4.941014	-9.858516e+00	-7.187163e+00
-4.941511	-9.939798e+00	-7.711272e+00
-4.942008	-1.008101e+01	-6.974619e+00
-4.942504	-1.026693e+01	-7.523870e+00
-4.943000	-9.932060e+00	-7.057463e+00
-4.943495	-1.021195e+01	-7.265763e+00
-4.943989	-9.988740e+00	-6.927229e+00
-4.944483	-1.013056e+01	-7.283344e+00
-4.944976	-9.866802e+00	-7.024096e+00
-4.945469	-1.004079e+01	-7.372098e+00
-4.945961	-9.652309e+00	-6.962082e+00
-4.946452	-9.517890e+00	-7.046788e+00
-4.946943	-1.000534e+01	-6.968963e+00
-4.947434	-9.800767e+00	-8.356988e+00
-4.947924	-1.008609e+01	-8.206199e+00
-4.948413	-9.683693e+00	-8.285832e+00
-4.948902	-9.649716e+00	-6.942159e+00
-4.949390	-9.859404e+00	-7.802235e+00
-4.949878	-9.594169e+00	-7.303985e+00
-4.950365	-1.022812e+01	-7.009714e+00
-4.950851	-1.021678e+01	-7.072584e+00
-4.951338	-9.651045e+00	-7.398904e+00
-4.951823	-9.763114e+00	-7.379734e+00
-4.952308	-9.756133e+00	-6.868018e+00
-4.952792	-9.961470e+00	-7.327775e+00
-4.953276	-9.957130e+00	-7.108321e+00
-4.953760	-1.017054e+01	-7.080990e+00
-4.954243	-9.661413e+00	-7.508932e+00
-4.954725	-9.839455e+00	-7.101832e+00
-4.955207	-9.743430e+00	-7.693413e+00
-4.955688	-9.939742e+00	-7.258094e+00
-4.956168	-9.843798e+00	-8.234141e+00
-4.956649	-9.924266e+00	-6.986973e+00
-4.957128	-9.852589e+00	-7.003697e+00
-4.957607	-1.035283e+01	-7.621999e+00
-4.958086	-1.028866e+01	-6.959102e+00
-4.958564	-9.488352e+00	-7.553646e+00
-4.959041	-1.027097e+01	-6.857881e+00
-4.959518	-9.983848e+00	-7.308463e+00
-4.959995	-1.011788e+01	-6.939767e+00
-4.960471	-9.654818e+00	-7.112020e+00
-4.960946	-1.027130e+01	-7.511393e+00
-4.961421	-9.714304e+00	-8.416737e+00
-4.961895	-9.997615e+00	-7.198000e+00
-4.962369	-9.875764e+00	-8.036166e+00
-4.962843	-9.709045e+00	-6.832957e+00
-4.963316	-9.729063e+00	-7.960302e+00
-4.963788	-9.852619e+00	-7.512171e+00
-4.964260	-9.921241e+00	-7.115567e+00
-4.964731	-9.899279e+00	-7.001620e+00
-4.965202	-1.033265e+01	-7.076498e+00
-4.965672	-9.936760e+00	-7.055182e+00
-4.966142	-9.968780e+00	-7.747469e+00
-4.966611	-9.732275e+00	-7.090866e+00
-4.967080	-9.946558e+00	-6.982987e+00
-4.967548	-1.022187e+01	-6.987750e+00
-4.968016	-1.036080e+01	-7.723987e+00
-4.968483	-9.645818e+00	-7.712916e+00
-4.968950	-9.390406e+00	-7.423733e+00
-4.969416	-9.299769e+00	-7.129615e+00
-4.969882	-1.004080e+01	-7.123028e+00
-4.970347	-9.619789e+00	-7.449146e+00
-4.970812	-9.506061e+00	-6.917917e+00
-4.971276	-9.956638e+00	-7.402884e+00
-4.971740	-9.907288e+00	-7.041900e+00
-4.972203	-9.532338e+00	-7.041385e+00
-4.972666	-1.008668e+01	-6.768722e+00
-4.973128	-1.000109e+01	-6.972025e+00
-4.973590	-9.772764e+00	-6.944082e+00
-4.974051	-9.501434e+00	-6.913900e+00
-4.974512	-9.814385e+00	-6.980406e+00
-4.974972	-9.562153e+00	-6.919959e+00
-4.975432	-1.001998e+01	-7.138482e+00
-4.975891	-9.862594e+00	-6.774676e+00
-4.976350	-9.963798e+00	-7.122039e+00
-4.976808	-9.782066e+00	-7.476155e+00
-4.977266	-9.673977e+00	-7.836105e+00
-4.977724	-9.910126e+00	-7.007283e+00
-4.978181	-9.785641e+00	-7.765236e+00
-4.978637	-9.947004e+00	-7.039548e+00
-4.979093	-9.884051e+00	-8.115316e+00
-4.979548	-1.021290e+01	-7.886409e+00
-4.980003	-1.009025e+01	-7.415567e+00
-4.980458	-9.678136e+00	-7.014343e+00
-4.980912	-9.596452e+00	-7.366280e+00
-4.981366	-9.785910e+00	-8.033738e+00
-4.981819	-9.337359e+00	-7.150931e+00
-4.982271	-9.832045e+00	-6.848239e+00
-4.982723	-9.669561e+00	-6.858648e+00
-4.983175	-9.962425e+00	-7.423654e+00
-4.983626	-9.715012e+00	-8.195322e+00
-4.984077	-9.824911e+00	-7.185211e+00
-4.984527	-9.618784e+00	-7.161138e+00
-4.984977	-9.909601e+00	-6.941742e+00
-4.985426	-9.963441e+00	-7.486427e+00
-4.985875	-9.515386e+00	-8.336692e+00
-4.986324	-9.923755e+00	-7.196755e+00
-4.986772	-9.918309e+00	-7.481416e+00
-4.987219	-9.773948e+00	-7.039542e+00
-4.987666	-9.953314e+00	-7.819629e+00
-4.988113	-9.862396e+00	-7.672108e+00
-4.988559	-9.639002e+00	-6.726612e+00
-4.989005	-9.833352e+00	-7.603284e+00
-4.989450	-9.663924e+00	-7.160628e+00
-4.989895	-9.992259e+00	-7.398678e+00
-4.990339	-9.784046e+00	-7.048972e+00
-4.990783	-9.954037e+00	-7.045069e+00
-4.991226	-1.011058e+01	-7.548577e+00
-4.991669	-1.002633e+01	-7.365143e+00
-4.992111	-1.009692e+01	-7.582979e+00
-4.992554	-9.688223e+00	-6.759946e+00
-4.992995	-9.811609e+00	-7.242945e+00
-4.993436	-9.797385e+00	-7.600596e+00
-4.993877	-9.732011e+00	-7.192953e+00
-4.994317	-1.012786e+01	-7.001927e+00
-4.994757	-9.919319e+00	-7.006721e+00
-4.995196	-1.015191e+01	-6.986583e+00
-4.995635	-9.600502e+00	-7.289737e+00
-4.996074	-9.746504e+00	-7.388742e+00
-4.996512	-9.921737e+00	-7.200745e+00
-4.996949	-1.001800e+01	-7.522850e+00
-4.997386	-1.011306e+01	-7.452876e+00
-4.997823	-9.630689e+00	-7.442311e+00
-4.998259	-9.805892e+00	-6.973172e+00
-4.998695	-9.906729e+00	-7.060953e+00
-4.999131	-9.691299e+00	-7.019029e+00
-4.999565	-9.753694e+00	-7.812043e+00
-5.000000	-9.795546e+00	-7.306270e+00
