0.000000	2.000000	2.000000	2.000000
0.001000	1.990836	1.990836	1.990836
0.002000	1.981697	1.981697	1.981697
0.003000	1.972585	1.972585	1.972585
0.004000	1.963500	1.963500	1.963500
0.005000	1.954440	1.954440	1.954440
0.006000	1.945406	1.945406	1.945406
0.007000	1.936398	1.936398	1.936398
0.008000	1.927415	1.927415	1.927415
0.009000	1.918458	1.918458	1.918458
0.010000	1.909527	1.909527	1.909527
0.011000	1.900622	1.900622	1.900622
0.012000	1.891741	1.891741	1.891741
0.013000	1.882886	1.882886	1.882886
0.014000	1.874056	1.874056	1.874056
0.015000	1.865252	1.865252	1.865252
0.016000	1.856472	1.856472	1.856472
0.017000	1.847717	1.847717	1.847717
0.018000	1.838988	1.838988	1.838988
0.019000	1.830283	1.830283	1.830283
0.020000	1.821602	1.821602	1.821602
0.021000	1.812947	1.812947	1.812947
0.022000	1.804315	1.804315	1.804315
0.023000	1.795709	1.795709	1.795709
0.024000	1.787126	1.787126	1.787126
0.025000	1.778568	1.778568	1.778568
0.026000	1.770035	1.770035	1.770035
0.027000	1.761525	1.761525	1.761525
0.028000	1.753039	1.753039	1.753039
0.029000	1.744578	1.744578	1.744578
0.030000	1.736140	1.736140	1.736140
0.031000	1.727726	1.727726	1.727726
0.032000	1.719335	1.719335	1.719335
0.033000	1.710969	1.710969	1.710969
0.034000	1.702626	1.702626	1.702626
0.035000	1.694306	1.694306	1.694306
0.036000	1.686010	1.686010	1.686010
0.037000	1.677737	1.677737	1.677737
0.038000	1.669487	1.669487	1.669487
0.039000	1.661261	1.661261	1.661261
0.040000	1.653057	1.653057	1.653057
0.041000	1.644877	1.644877	1.644877
0.042000	1.636719	1.636719	1.636719
0.043000	1.628584	1.628584	1.628584
0.044000	1.620472	1.620472	1.620472
0.045000	1.612383	1.612383	1.612383
0.046000	1.604316	1.604316	1.604316
0.047000	1.596272	1.596272	1.596272
0.048000	1.588251	1.588251	1.588251
0.049000	1.580251	1.580251	1.580251
0.050000	1.572274	1.572274	1.572274
0.051000	1.564319	1.564319	1.564319
0.052000	1.556387	1.556387	1.556387
0.053000	1.548476	1.548476	1.548476
0.054000	1.540588	1.540588	1.540588
0.055000	1.532721	1.532721	1.532721
0.056000	1.524876	1.524876	1.524876
0.057000	1.517053	1.517053	1.517053
0.058000	1.509252	1.509252	1.509252
0.059000	1.501472	1.501472	1.501472
0.060000	1.493714	1.493714	1.493714
0.061000	1.485977	1.485977	1.485977
0.062000	1.478262	1.478261	1.478261
0.063000	1.470568	1.470567	1.470567
0.064000	1.462895	1.462895	1.462895
0.065000	1.455243	1.455243	1.455243
0.066000	1.447613	1.447613	1.447613
0.067000	1.440003	1.440003	1.440003
0.068000	1.432415	1.432415	1.432415
0.069000	1.424847	1.424847	1.424847
0.070000	1.417300	1.417300	1.417300
0.071000	1.409774	1.409774	1.409774
0.072000	1.402269	1.402269	1.402269
0.073000	1.394784	1.394784	1.394784
0.074000	1.387320	1.387320	1.387320
0.075000	1.379876	1.379876	1.379876
0.076000	1.372452	1.372452	1.372452
0.077000	1.365049	1.365049	1.365049
0.078000	1.357667	1.357666	1.357666
0.079000	1.350304	1.350304	1.350304
0.080000	1.342961	1.342961	1.342961
0.081000	1.335639	1.335639	1.335639
0.082000	1.328336	1.328336	1.328336
0.083000	1.321053	1.321053	1.321053
0.084000	1.313791	1.313790	1.313790
0.085000	1.306547	1.306547	1.306547
0.086000	1.299324	1.299324	1.299324
0.087000	1.292120	1.292120	1.292120
0.088000	1.284936	1.284936	1.284936
0.089000	1.277771	1.277771	1.277771
0.090000	1.270626	1.270626	1.270626
0.091000	1.263500	1.263500	1.263500
0.092000	1.256393	1.256393	1.256393
0.093000	1.249306	1.249306	1.249306
0.094000	1.242238	1.242238	1.242238
0.095000	1.235188	1.235188	1.235188
0.096000	1.228158	1.228158	1.228158
0.097000	1.221147	1.221147	1.221147
0.098000	1.214155	1.214155	1.214155
0.099000	1.207181	1.207181	1.207181
0.100000	1.200226	1.200226	1.200226
0.101000	1.193290	1.193290	1.193290
0.102000	1.186373	1.186373	1.186373
0.103000	1.179474	1.179474	1.179474
0.104000	1.172594	1.172593	1.172593
0.105000	1.165732	1.165731	1.165731
0.106000	1.158888	1.158888	1.158888
0.107000	1.152063	1.152063	1.152063
0.108000	1.145256	1.145256	1.145256
0.109000	1.138467	1.138467	1.138467
0.110000	1.131696	1.131696	1.131696
0.111000	1.124943	1.124943	1.124943
0.112000	1.118209	1.118208	1.118208
0.113000	1.111492	1.111492	1.111492
0.114000	1.104793	1.104793	1.104793
0.115000	1.098112	1.098112	1.098112
0.116000	1.091448	1.091448	1.091448
0.117000	1.084803	1.084802	1.084802
0.118000	1.078174	1.078174	1.078174
0.119000	1.071564	1.071564	1.071564
0.120000	1.064971	1.064971	1.064971
0.121000	1.058395	1.058395	1.058395
0.122000	1.051837	1.051837	1.051837
0.123000	1.045296	1.045296	1.045296
0.124000	1.038772	1.038772	1.038772
0.125000	1.032266	1.032265	1.032265
0.126000	1.025776	1.025776	1.025776
0.127000	1.019304	1.019304	1.019304
0.128000	1.012848	1.012848	1.012848
0.129000	1.006410	1.006410	1.006410
0.130000	0.999988	0.999988	0.999988
0.131000	0.993584	0.993584	0.993584
0.132000	0.987196	0.987196	0.987196
0.133000	0.980825	0.980824	0.980824
0.134000	0.974470	0.974470	0.974470
0.135000	0.968132	0.968132	0.968132
0.136000	0.961811	0.961810	0.961810
0.137000	0.955506	0.955505	0.955505
0.138000	0.949217	0.949217	0.949217
0.139000	0.942945	0.942945	0.942945
0.140000	0.936689	0.936689	0.936689
0.141000	0.930449	0.930449	0.930449
0.142000	0.924226	0.924225	0.924225
0.143000	0.918018	0.918018	0.918018
0.144000	0.911827	0.911827	0.911827
0.145000	0.905652	0.905651	0.905651
0.146000	0.899492	0.899492	0.899492
0.147000	0.893349	0.893349	0.893349
0.148000	0.887221	0.887221	0.887221
0.149000	0.881109	0.881109	0.881109
0.150000	0.875013	0.875013	0.875013
0.151000	0.868933	0.868933	0.868933
0.152000	0.862868	0.862868	0.862868
0.153000	0.856819	0.856819	0.856819
0.154000	0.850785	0.850785	0.850785
0.155000	0.844767	0.844767	0.844767
0.156000	0.838764	0.838764	0.838764
0.157000	0.832777	0.832776	0.832776
0.158000	0.826804	0.826804	0.826804
0.159000	0.820847	0.820847	0.820847
0.160000	0.814906	0.814905	0.814905
0.161000	0.808979	0.808979	0.808979
0.162000	0.803067	0.803067	0.803067
0.163000	0.797171	0.797171	0.797171
0.164000	0.791289	0.791289	0.791289
0.165000	0.785422	0.785422	0.785422
0.166000	0.779570	0.779570	0.779570
0.167000	0.773733	0.773733	0.773733
0.168000	0.767911	0.767911	0.767911
0.169000	0.762104	0.762103	0.762103
0.170000	0.756311	0.756310	0.756310
0.171000	0.750532	0.750532	0.750532
0.172000	0.744768	0.744768	0.744768
0.173000	0.739019	0.739019	0.739019
0.174000	0.733284	0.733284	0.733284
0.175000	0.727564	0.727563	0.727563
0.176000	0.721857	0.721857	0.721857
0.177000	0.716166	0.716165	0.716165
0.178000	0.710488	0.710488	0.710488
0.179000	0.704824	0.704824	0.704824
0.180000	0.699175	0.699175	0.699175
0.181000	0.693540	0.693540	0.693540
0.182000	0.687919	0.687918	0.687918
0.183000	0.682311	0.682311	0.682311
0.184000	0.676718	0.676718	0.676718
0.185000	0.671138	0.671138	0.671138
0.186000	0.665573	0.665573	0.665573
0.187000	0.660021	0.660021	0.660021
0.188000	0.654483	0.654483	0.654483
0.189000	0.648958	0.648958	0.648958
0.190000	0.643448	0.643447	0.643447
0.191000	0.637950	0.637950	0.637950
0.192000	0.632467	0.632466	0.632466
0.193000	0.626996	0.626996	0.626996
0.194000	0.621540	0.621539	0.621539
0.195000	0.616096	0.616096	0.616096
0.196000	0.610666	0.610666	0.610666
0.197000	0.605249	0.605249	0.605249
0.198000	0.599846	0.599845	0.599845
0.199000	0.594455	0.594455	0.594455
0.200000	0.589078	0.589078	0.589078
0.201000	0.583714	0.583714	0.583714
0.202000	0.578363	0.578363	0.578363
0.203000	0.573025	0.573024	0.573024
0.204000	0.567700	0.567699	0.567699
0.205000	0.562387	0.562387	0.562387
0.206000	0.557088	0.557088	0.557088
0.207000	0.551801	0.551801	0.551801
0.208000	0.546527	0.546527	0.546527
0.209000	0.541266	0.541266	0.541266
0.210000	0.536018	0.536018	0.536018
0.211000	0.530782	0.530782	0.530782
0.212000	0.525559	0.525559	0.525559
0.213000	0.520348	0.520348	0.520348
0.214000	0.515150	0.515150	0.515150
0.215000	0.509964	0.509964	0.509964
0.216000	0.504791	0.504791	0.504791
0.217000	0.499630	0.499630	0.499630
0.218000	0.494481	0.494481	0.494481
0.219000	0.489345	0.489344	0.489344
0.220000	0.484220	0.484220	0.484220
0.221000	0.479108	0.479108	0.479108
0.222000	0.474008	0.474008	0.474008
0.223000	0.468920	0.468920	0.468920
0.224000	0.463845	0.463844	0.463844
0.225000	0.458781	0.458781	0.458781
0.226000	0.453729	0.453729	0.453729
0.227000	0.448689	0.448689	0.448689
0.228000	0.443661	0.443660	0.443660
0.229000	0.438644	0.438644	0.438644
0.230000	0.433640	0.433640	0.433640
0.231000	0.428647	0.428647	0.428647
0.232000	0.423666	0.423665	0.423665
0.233000	0.418696	0.418696	0.418696
0.234000	0.413738	0.413738	0.413738
0.235000	0.408792	0.408792	0.408792
0.236000	0.403857	0.403857	0.403857
0.237000	0.398934	0.398933	0.398933
0.238000	0.394022	0.394021	0.394021
0.239000	0.389121	0.389121	0.389121
0.240000	0.384232	0.384232	0.384232
0.241000	0.379354	0.379354	0.379354
0.242000	0.374487	0.374487	0.374487
0.243000	0.369632	0.369631	0.369631
0.244000	0.364787	0.364787	0.364787
0.245000	0.359954	0.359954	0.359954
0.246000	0.355132	0.355132	0.355132
0.247000	0.350321	0.350321	0.350321
0.248000	0.345521	0.345521	0.345521
0.249000	0.340732	0.340732	0.340732
0.250000	0.335954	0.335953	0.335953
0.251000	0.331186	0.331186	0.331186
0.252000	0.326430	0.326430	0.326430
0.253000	0.321684	0.321684	0.321684
0.254000	0.316949	0.316949	0.316949
0.255000	0.312225	0.312225	0.312225
0.256000	0.307512	0.307511	0.307511
0.257000	0.302809	0.302809	0.302809
0.258000	0.298117	0.298116	0.298116
0.259000	0.293435	0.293435	0.293435
0.260000	0.288764	0.288764	0.288764
0.261000	0.284103	0.284103	0.284103
0.262000	0.279453	0.279453	0.279453
0.263000	0.274813	0.274813	0.274813
0.264000	0.270183	0.270183	0.270183
0.265000	0.265564	0.265564	0.265564
0.266000	0.260955	0.260955	0.260955
0.267000	0.256357	0.256356	0.256356
0.268000	0.251768	0.251768	0.251768
0.269000	0.247190	0.247190	0.247190
0.270000	0.242622	0.242622	0.242622
0.271000	0.238064	0.238063	0.238063
0.272000	0.233516	0.233515	0.233515
0.273000	0.228978	0.228977	0.228977
0.274000	0.224450	0.224449	0.224449
0.275000	0.219931	0.219931	0.219931
0.276000	0.215423	0.215423	0.215423
0.277000	0.210925	0.210925	0.210925
0.278000	0.206436	0.206436	0.206436
0.279000	0.201958	0.201957	0.201957
0.280000	0.197489	0.197488	0.197488
0.281000	0.193029	0.193029	0.193029
0.282000	0.188580	0.188579	0.188579
0.283000	0.184140	0.184139	0.184139
0.284000	0.179709	0.179709	0.179709
0.285000	0.175288	0.175288	0.175288
0.286000	0.170877	0.170877	0.170877
0.287000	0.166475	0.166475	0.166475
0.288000	0.162083	0.162083	0.162083
0.289000	0.157700	0.157700	0.157700
0.290000	0.153326	0.153326	0.153326
0.291000	0.148962	0.148962	0.148962
0.292000	0.144607	0.144607	0.144607
0.293000	0.140261	0.140261	0.140261
0.294000	0.135925	0.135925	0.135925
0.295000	0.131597	0.131597	0.131597
0.296000	0.127279	0.127279	0.127279
0.297000	0.122970	0.122970	0.122970
0.298000	0.118670	0.118670	0.118670
0.299000	0.114380	0.114379	0.114379
0.300000	0.110098	0.110098	0.110098
0.301000	0.105825	0.105825	0.105825
0.302000	0.101561	0.101561	0.101561
0.303000	0.097306	0.097306	0.097306
0.304000	0.093060	0.093060	0.093060
0.305000	0.088823	0.088822	0.088822
0.306000	0.084594	0.084594	0.084594
0.307000	0.080374	0.080374	0.080374
0.308000	0.076163	0.076163	0.076163
0.309000	0.071961	0.071961	0.071961
0.310000	0.067768	0.067767	0.067767
0.311000	0.063583	0.063582	0.063582
0.312000	0.059406	0.059406	0.059406
0.313000	0.055239	0.055238	0.055238
0.314000	0.051079	0.051079	0.051079
0.315000	0.046929	0.046928	0.046928
0.316000	0.042786	0.042786	0.042786
0.317000	0.038652	0.038652	0.038652
0.318000	0.034527	0.034527	0.034527
0.319000	0.030410	0.030410	0.030410
0.320000	0.026301	0.026301	0.026301
0.321000	0.022201	0.022200	0.022200
0.322000	0.018108	0.018108	0.018108
0.323000	0.014024	0.014024	0.014024
0.324000	0.009949	0.009948	0.009948
0.325000	0.005881	0.005881	0.005881
0.326000	0.001822	0.001821	0.001821
0.327000	-0.002230	-0.002230	-0.002230
0.328000	-0.006273	-0.006273	-0.006273
0.329000	-0.010308	-0.010309	-0.010309
0.330000	-0.014336	-0.014336	-0.014336
0.331000	-0.018355	-0.018355	-0.018355
0.332000	-0.022366	-0.022366	-0.022366
0.333000	-0.026370	-0.026370	-0.026370
0.334000	-0.030365	-0.030366	-0.030366
0.335000	-0.034353	-0.034353	-0.034353
0.336000	-0.038333	-0.038333	-0.038333
0.337000	-0.042305	-0.042305	-0.042305
0.338000	-0.046269	-0.046270	-0.046270
0.339000	-0.050226	-0.050226	-0.050226
0.340000	-0.054175	-0.054175	-0.054175
0.341000	-0.058116	-0.058117	-0.058117
0.342000	-0.062050	-0.062050	-0.062050
0.343000	-0.065976	-0.065977	-0.065977
0.344000	-0.069895	-0.069895	-0.069895
0.345000	-0.073806	-0.073806	-0.073806
0.346000	-0.077709	-0.077710	-0.077710
0.347000	-0.081605	-0.081606	-0.081606
0.348000	-0.085494	-0.085494	-0.085494
0.349000	-0.089375	-0.089376	-0.089376
0.350000	-0.093249	-0.093249	-0.093249
0.351000	-0.097116	-0.097116	-0.097116
0.352000	-0.100975	-0.100975	-0.100975
0.353000	-0.104827	-0.104827	-0.104827
0.354000	-0.108671	-0.108672	-0.108672
0.355000	-0.112509	-0.112509	-0.112509
0.356000	-0.116339	-0.116339	-0.116339
0.357000	-0.120162	-0.120162	-0.120162
0.358000	-0.123978	-0.123978	-0.123978
0.359000	-0.127787	-0.127787	-0.127787
0.360000	-0.131589	-0.131589	-0.131589
0.361000	-0.135383	-0.135383	-0.135383
0.362000	-0.139171	-0.139171	-0.139171
0.363000	-0.142952	-0.142952	-0.142952
0.364000	-0.146725	-0.146725	-0.146725
0.365000	-0.150492	-0.150492	-0.150492
0.366000	-0.154252	-0.154252	-0.154252
0.367000	-0.158005	-0.158005	-0.158005
0.368000	-0.161751	-0.161751	-0.161751
0.369000	-0.165491	-0.165491	-0.165491
0.370000	-0.169223	-0.169223	-0.169223
0.371000	-0.172949	-0.172949	-0.172949
0.372000	-0.176668	-0.176668	-0.176668
0.373000	-0.180380	-0.180381	-0.180381
0.374000	-0.184086	-0.184086	-0.184086
0.375000	-0.187785	-0.187785	-0.187785
0.376000	-0.191478	-0.191478	-0.191478
0.377000	-0.195164	-0.195164	-0.195164
0.378000	-0.198843	-0.198843	-0.198843
0.379000	-0.202516	-0.202516	-0.202516
0.380000	-0.206182	-0.206182	-0.206182
0.381000	-0.209842	-0.209842	-0.209842
0.382000	-0.213495	-0.213495	-0.213495
0.383000	-0.217142	-0.217142	-0.217142
0.384000	-0.220783	-0.220783	-0.220783
0.385000	-0.224417	-0.224417	-0.224417
0.386000	-0.228045	-0.228045	-0.228045
0.387000	-0.231666	-0.231667	-0.231667
0.388000	-0.235282	-0.235282	-0.235282
0.389000	-0.238891	-0.238891	-0.238891
0.390000	-0.242494	-0.242494	-0.242494
0.391000	-0.246090	-0.246090	-0.246090
0.392000	-0.249681	-0.249681	-0.249681
0.393000	-0.253265	-0.253265	-0.253265
0.394000	-0.256843	-0.256843	-0.256843
0.395000	-0.260415	-0.260415	-0.260415
0.396000	-0.263981	-0.263981	-0.263981
0.397000	-0.267541	-0.267541	-0.267541
0.398000	-0.271095	-0.271095	-0.271095
0.399000	-0.274643	-0.274643	-0.274643
0.400000	-0.278185	-0.278185	-0.278185
0.401000	-0.281721	-0.281721	-0.281721
0.402000	-0.285251	-0.285251	-0.285251
0.403000	-0.288775	-0.288776	-0.288776
0.404000	-0.292294	-0.292294	-0.292294
0.405000	-0.295806	-0.295807	-0.295807
0.406000	-0.299313	-0.299313	-0.299313
0.407000	-0.302814	-0.302815	-0.302815
0.408000	-0.306310	-0.306310	-0.306310
0.409000	-0.309799	-0.309799	-0.309799
0.410000	-0.313283	-0.313283	-0.313283
0.411000	-0.316761	-0.316761	-0.316761
0.412000	-0.320234	-0.320234	-0.320234
0.413000	-0.323701	-0.323701	-0.323701
0.414000	-0.327162	-0.327162	-0.327162
0.415000	-0.330618	-0.330618	-0.330618
0.416000	-0.334068	-0.334068	-0.334068
0.417000	-0.337512	-0.337513	-0.337513
0.418000	-0.340952	-0.340952	-0.340952
0.419000	-0.344385	-0.344385	-0.344385
0.420000	-0.347813	-0.347814	-0.347814
0.421000	-0.351236	-0.351237	-0.351237
0.422000	-0.354654	-0.354654	-0.354654
0.423000	-0.358066	-0.358066	-0.358066
0.424000	-0.361472	-0.361473	-0.361473
0.425000	-0.364874	-0.364874	-0.364874
0.426000	-0.368270	-0.368270	-0.368270
0.427000	-0.371661	-0.371661	-0.371661
0.428000	-0.375046	-0.375046	-0.375046
0.429000	-0.378427	-0.378427	-0.378427
0.430000	-0.381802	-0.381802	-0.381802
0.431000	-0.385172	-0.385172	-0.385172
0.432000	-0.388536	-0.388537	-0.388537
0.433000	-0.391896	-0.391896	-0.391896
0.434000	-0.395251	-0.395251	-0.395251
0.435000	-0.398600	-0.398600	-0.398600
0.436000	-0.401944	-0.401945	-0.401945
0.437000	-0.405284	-0.405284	-0.405284
0.438000	-0.408618	-0.408618	-0.408618
0.439000	-0.411948	-0.411948	-0.411948
0.440000	-0.415272	-0.415272	-0.415272
0.441000	-0.418591	-0.418592	-0.418592
0.442000	-0.421906	-0.421906	-0.421906
0.443000	-0.425216	-0.425216	-0.425216
0.444000	-0.428520	-0.428521	-0.428521
0.445000	-0.431820	-0.431821	-0.431821
0.446000	-0.435116	-0.435116	-0.435116
0.447000	-0.438406	-0.438406	-0.438406
0.448000	-0.441691	-0.441692	-0.441692
0.449000	-0.444972	-0.444972	-0.444972
0.450000	-0.448248	-0.448248	-0.448248
0.451000	-0.451520	-0.451520	-0.451520
0.452000	-0.454786	-0.454786	-0.454786
0.453000	-0.458048	-0.458048	-0.458048
0.454000	-0.461306	-0.461306	-0.461306
0.455000	-0.464558	-0.464559	-0.464559
0.456000	-0.467807	-0.467807	-0.467807
0.457000	-0.471050	-0.471050	-0.471050
0.458000	-0.474289	-0.474289	-0.474289
0.459000	-0.477524	-0.477524	-0.477524
0.460000	-0.480754	-0.480754	-0.480754
0.461000	-0.483979	-0.483979	-0.483979
0.462000	-0.487200	-0.487200	-0.487200
0.463000	-0.490417	-0.490417	-0.490417
0.464000	-0.493629	-0.493629	-0.493629
0.465000	-0.496837	-0.496837	-0.496837
0.466000	-0.500040	-0.500040	-0.500040
0.467000	-0.503239	-0.503239	-0.503239
0.468000	-0.506434	-0.506434	-0.506434
0.469000	-0.509624	-0.509625	-0.509625
0.470000	-0.512810	-0.512811	-0.512811
0.471000	-0.515992	-0.515993	-0.515993
0.472000	-0.519170	-0.519170	-0.519170
0.473000	-0.522343	-0.522344	-0.522344
0.474000	-0.525513	-0.525513	-0.525513
0.475000	-0.528678	-0.528678	-0.528678
0.476000	-0.531838	-0.531839	-0.531839
0.477000	-0.534995	-0.534995	-0.534995
0.478000	-0.538148	-0.538148	-0.538148
0.479000	-0.541296	-0.541297	-0.541297
0.480000	-0.544441	-0.544441	-0.544441
0.481000	-0.547581	-0.547581	-0.547581
0.482000	-0.550718	-0.550718	-0.550718
0.483000	-0.553850	-0.553850	-0.553850
0.484000	-0.556978	-0.556979	-0.556979
0.485000	-0.560103	-0.560103	-0.560103
0.486000	-0.563223	-0.563223	-0.563223
0.487000	-0.566340	-0.566340	-0.566340
0.488000	-0.569452	-0.569453	-0.569453
0.489000	-0.572561	-0.572561	-0.572561
0.490000	-0.575666	-0.575666	-0.575666
0.491000	-0.578767	-0.578767	-0.578767
0.492000	-0.581864	-0.581864	-0.581864
0.493000	-0.584958	-0.584958	-0.584958
0.494000	-0.588047	-0.588047	-0.588047
0.495000	-0.591133	-0.591133	-0.591133
0.496000	-0.594215	-0.594215	-0.594215
0.497000	-0.597294	-0.597294	-0.597294
0.498000	-0.600368	-0.600368	-0.600368
0.499000	-0.603439	-0.603439	-0.603439
0.500000	-0.606507	-0.606507	-0.606507
0.501000	-0.609570	-0.609570	-0.609570
0.502000	-0.612630	-0.612631	-0.612631
0.503000	-0.615687	-0.615687	-0.615687
0.504000	-0.618740	-0.618740	-0.618740
0.505000	-0.621789	-0.621789	-0.621789
0.506000	-0.624835	-0.624835	-0.624835
0.507000	-0.627877	-0.627877	-0.627877
0.508000	-0.630916	-0.630916	-0.630916
0.509000	-0.633951	-0.633951	-0.633951
0.510000	-0.636983	-0.636983	-0.636983
0.511000	-0.640011	-0.640011	-0.640011
0.512000	-0.643036	-0.643036	-0.643036
0.513000	-0.646058	-0.646058	-0.646058
0.514000	-0.649076	-0.649076	-0.649076
0.515000	-0.652091	-0.652091	-0.652091
0.516000	-0.655102	-0.655102	-0.655102
0.517000	-0.658110	-0.658110	-0.658110
0.518000	-0.661115	-0.661115	-0.661115
0.519000	-0.664116	-0.664117	-0.664117
0.520000	-0.667115	-0.667115	-0.667115
0.521000	-0.670110	-0.670110	-0.670110
0.522000	-0.673101	-0.673102	-0.673102
0.523000	-0.676090	-0.676090	-0.676090
0.524000	-0.679075	-0.679075	-0.679075
0.525000	-0.682057	-0.682057	-0.682057
0.526000	-0.685036	-0.685036	-0.685036
0.527000	-0.688012	-0.688012	-0.688012
0.528000	-0.690985	-0.690985	-0.690985
0.529000	-0.693954	-0.693955	-0.693955
0.530000	-0.696921	-0.696921	-0.696921
0.531000	-0.699884	-0.699885	-0.699885
0.532000	-0.702845	-0.702845	-0.702845
0.533000	-0.705802	-0.705802	-0.705802
0.534000	-0.708756	-0.708757	-0.708757
0.535000	-0.711708	-0.711708	-0.711708
0.536000	-0.714656	-0.714656	-0.714656
0.537000	-0.717602	-0.717602	-0.717602
0.538000	-0.720544	-0.720544	-0.720544
0.539000	-0.723484	-0.723484	-0.723484
0.540000	-0.726420	-0.726420	-0.726420
0.541000	-0.729354	-0.729354	-0.729354
0.542000	-0.732285	-0.732285	-0.732285
0.543000	-0.735213	-0.735213	-0.735213
0.544000	-0.738138	-0.738138	-0.738138
0.545000	-0.741061	-0.741061	-0.741061
0.546000	-0.743980	-0.743980	-0.743980
0.547000	-0.746897	-0.746897	-0.746897
0.548000	-0.749811	-0.749811	-0.749811
0.549000	-0.752722	-0.752723	-0.752723
0.550000	-0.755631	-0.755631	-0.755631
0.551000	-0.758537	-0.758537	-0.758537
0.552000	-0.761440	-0.761440	-0.761440
0.553000	-0.764341	-0.764341	-0.764341
0.554000	-0.767239	-0.767239	-0.767239
0.555000	-0.770134	-0.770134	-0.770134
0.556000	-0.773026	-0.773027	-0.773027
0.557000	-0.775916	-0.775917	-0.775917
0.558000	-0.778804	-0.778804	-0.778804
0.559000	-0.781689	-0.781689	-0.781689
0.560000	-0.784571	-0.784571	-0.784571
0.561000	-0.787451	-0.787451	-0.787451
0.562000	-0.790328	-0.790328	-0.790328
0.563000	-0.793203	-0.793203	-0.793203
0.564000	-0.796075	-0.796075	-0.796075
0.565000	-0.798945	-0.798945	-0.798945
0.566000	-0.801812	-0.801812	-0.801812
0.567000	-0.804677	-0.804677	-0.804677
0.568000	-0.807539	-0.807540	-0.807540
0.569000	-0.810399	-0.810400	-0.810400
0.570000	-0.813257	-0.813257	-0.813257
0.571000	-0.816112	-0.816113	-0.816113
0.572000	-0.818965	-0.818966	-0.818966
0.573000	-0.821816	-0.821816	-0.821816
0.574000	-0.824664	-0.824665	-0.824665
0.575000	-0.827510	-0.827511	-0.827511
0.576000	-0.830354	-0.830354	-0.830354
0.577000	-0.833196	-0.833196	-0.833196
0.578000	-0.836035	-0.836035	-0.836035
0.579000	-0.838872	-0.838872	-0.838872
0.580000	-0.841707	-0.841707	-0.841707
0.581000	-0.844539	-0.844539	-0.844539
0.582000	-0.847370	-0.847370	-0.847370
0.583000	-0.850198	-0.850198	-0.850198
0.584000	-0.853024	-0.853024	-0.853024
0.585000	-0.855848	-0.855848	-0.855848
0.586000	-0.858669	-0.858670	-0.858670
0.587000	-0.861489	-0.861489	-0.861489
0.588000	-0.864307	-0.864307	-0.864307
0.589000	-0.867122	-0.867122	-0.867122
0.590000	-0.869936	-0.869936	-0.869936
0.591000	-0.872747	-0.872747	-0.872747
0.592000	-0.875557	-0.875557	-0.875557
0.593000	-0.878364	-0.878364	-0.878364
0.594000	-0.881169	-0.881169	-0.881169
0.595000	-0.883973	-0.883973	-0.883973
0.596000	-0.886774	-0.886774	-0.886774
0.597000	-0.889574	-0.889574	-0.889574
0.598000	-0.892371	-0.892371	-0.892371
0.599000	-0.895167	-0.895167	-0.895167
0.600000	-0.897961	-0.897961	-0.897961
0.601000	-0.900752	-0.900753	-0.900753
0.602000	-0.903542	-0.903543	-0.903543
0.603000	-0.906331	-0.906331	-0.906331
0.604000	-0.909117	-0.909117	-0.909117
0.605000	-0.911901	-0.911901	-0.911901
0.606000	-0.914684	-0.914684	-0.914684
0.607000	-0.917465	-0.917465	-0.917465
0.608000	-0.920244	-0.920244	-0.920244
0.609000	-0.923021	-0.923021	-0.923021
0.610000	-0.925797	-0.925797	-0.925797
0.611000	-0.928571	-0.928571	-0.928571
0.612000	-0.931343	-0.931343	-0.931343
0.613000	-0.934113	-0.934113	-0.934113
0.614000	-0.936882	-0.936882	-0.936882
0.615000	-0.939649	-0.939649	-0.939649
0.616000	-0.942414	-0.942415	-0.942415
0.617000	-0.945178	-0.945178	-0.945178
0.618000	-0.947940	-0.947940	-0.947940
0.619000	-0.950701	-0.950701	-0.950701
0.620000	-0.953460	-0.953460	-0.953460
0.621000	-0.956217	-0.956217	-0.956217
0.622000	-0.958973	-0.958973	-0.958973
0.623000	-0.961727	-0.961727	-0.961727
0.624000	-0.964480	-0.964480	-0.964480
0.625000	-0.967231	-0.967231	-0.967231
0.626000	-0.969981	-0.969981	-0.969981
0.627000	-0.972729	-0.972729	-0.972729
0.628000	-0.975475	-0.975476	-0.975476
0.629000	-0.978221	-0.978221	-0.978221
0.630000	-0.980964	-0.980965	-0.980965
0.631000	-0.983707	-0.983707	-0.983707
0.632000	-0.986448	-0.986448	-0.986448
0.633000	-0.989187	-0.989187	-0.989187
0.634000	-0.991925	-0.991925	-0.991925
0.635000	-0.994662	-0.994662	-0.994662
0.636000	-0.997397	-0.997397	-0.997397
0.637000	-1.000131	-1.000131	-1.000131
0.638000	-1.002864	-1.002864	-1.002864
0.639000	-1.005595	-1.005595	-1.005595
0.640000	-1.008325	-1.008325	-1.008325
0.641000	-1.011054	-1.011054	-1.011054
0.642000	-1.013781	-1.013782	-1.013782
0.643000	-1.016508	-1.016508	-1.016508
0.644000	-1.019232	-1.019233	-1.019233
0.645000	-1.021956	-1.021956	-1.021956
0.646000	-1.024679	-1.024679	-1.024679
0.647000	-1.027400	-1.027400	-1.027400
0.648000	-1.030120	-1.030120	-1.030120
0.649000	-1.032839	-1.032839	-1.032839
0.650000	-1.035557	-1.035557	-1.035557
0.651000	-1.038273	-1.038273	-1.038273
0.652000	-1.040989	-1.040989	-1.040989
0.653000	-1.043703	-1.043703	-1.043703
0.654000	-1.046416	-1.046416	-1.046416
0.655000	-1.049128	-1.049128	-1.049128
0.656000	-1.051839	-1.051839	-1.051839
0.657000	-1.054549	-1.054549	-1.054549
0.658000	-1.057258	-1.057258	-1.057258
0.659000	-1.059966	-1.059966	-1.059966
0.660000	-1.062672	-1.062673	-1.062673
0.661000	-1.065378	-1.065378	-1.065378
0.662000	-1.068083	-1.068083	-1.068083
0.663000	-1.070787	-1.070787	-1.070787
0.664000	-1.073490	-1.073490	-1.073490
0.665000	-1.076191	-1.076192	-1.076192
0.666000	-1.078892	-1.078892	-1.078892
0.667000	-1.081592	-1.081592	-1.081592
0.668000	-1.084291	-1.084291	-1.084291
0.669000	-1.086989	-1.086989	-1.086989
0.670000	-1.089686	-1.089687	-1.089687
0.671000	-1.092383	-1.092383	-1.092383
0.672000	-1.095078	-1.095078	-1.095078
0.673000	-1.097773	-1.097773	-1.097773
0.674000	-1.100467	-1.100467	-1.100467
0.675000	-1.103160	-1.103160	-1.103160
0.676000	-1.105852	-1.105852	-1.105852
0.677000	-1.108543	-1.108543	-1.108543
0.678000	-1.111233	-1.111234	-1.111234
0.679000	-1.113923	-1.113923	-1.113923
0.680000	-1.116612	-1.116612	-1.116612
0.681000	-1.119300	-1.119300	-1.119300
0.682000	-1.121988	-1.121988	-1.121988
0.683000	-1.124674	-1.124675	-1.124675
0.684000	-1.127360	-1.127361	-1.127361
0.685000	-1.130046	-1.130046	-1.130046
0.686000	-1.132730	-1.132731	-1.132731
0.687000	-1.135414	-1.135415	-1.135415
0.688000	-1.138098	-1.138098	-1.138098
0.689000	-1.140780	-1.140780	-1.140780
0.690000	-1.143462	-1.143462	-1.143462
0.691000	-1.146144	-1.146144	-1.146144
0.692000	-1.148824	-1.148825	-1.148825
0.693000	-1.151505	-1.151505	-1.151505
0.694000	-1.154184	-1.154184	-1.154184
0.695000	-1.156863	-1.156863	-1.156863
0.696000	-1.159542	-1.159542	-1.159542
0.697000	-1.162219	-1.162220	-1.162220
0.698000	-1.164897	-1.164897	-1.164897
0.699000	-1.167574	-1.167574	-1.167574
0.700000	-1.170250	-1.170250	-1.170250
0.701000	-1.172926	-1.172926	-1.172926
0.702000	-1.175601	-1.175601	-1.175601
0.703000	-1.178276	-1.178276	-1.178276
0.704000	-1.180950	-1.180950	-1.180950
0.705000	-1.183624	-1.183624	-1.183624
0.706000	-1.186298	-1.186298	-1.186298
0.707000	-1.188971	-1.188971	-1.188971
0.708000	-1.191643	-1.191644	-1.191644
0.709000	-1.194316	-1.194316	-1.194316
0.710000	-1.196988	-1.196988	-1.196988
0.711000	-1.199659	-1.199659	-1.199659
0.712000	-1.202330	-1.202330	-1.202330
0.713000	-1.205001	-1.205001	-1.205001
0.714000	-1.207671	-1.207672	-1.207672
0.715000	-1.210342	-1.210342	-1.210342
0.716000	-1.213011	-1.213012	-1.213012
0.717000	-1.215681	-1.215681	-1.215681
0.718000	-1.218350	-1.218350	-1.218350
0.719000	-1.221019	-1.221019	-1.221019
0.720000	-1.223688	-1.223688	-1.223688
0.721000	-1.226356	-1.226356	-1.226356
0.722000	-1.229024	-1.229024	-1.229024
0.723000	-1.231692	-1.231692	-1.231692
0.724000	-1.234360	-1.234360	-1.234360
0.725000	-1.237027	-1.237027	-1.237027
0.726000	-1.239695	-1.239695	-1.239695
0.727000	-1.242362	-1.242362	-1.242362
0.728000	-1.245029	-1.245029	-1.245029
0.729000	-1.247695	-1.247696	-1.247696
0.730000	-1.250362	-1.250362	-1.250362
0.731000	-1.253029	-1.253029	-1.253029
0.732000	-1.255695	-1.255695	-1.255695
0.733000	-1.258361	-1.258361	-1.258361
0.734000	-1.261027	-1.261027	-1.261027
0.735000	-1.263693	-1.263694	-1.263694
0.736000	-1.266359	-1.266360	-1.266360
0.737000	-1.269025	-1.269025	-1.269025
0.738000	-1.271691	-1.271691	-1.271691
0.739000	-1.274357	-1.274357	-1.274357
0.740000	-1.277023	-1.277023	-1.277023
0.741000	-1.279689	-1.279689	-1.279689
0.742000	-1.282354	-1.282354	-1.282354
0.743000	-1.285020	-1.285020	-1.285020
0.744000	-1.287686	-1.287686	-1.287686
0.745000	-1.290352	-1.290352	-1.290352
0.746000	-1.293017	-1.293018	-1.293018
0.747000	-1.295683	-1.295683	-1.295683
0.748000	-1.298349	-1.298349	-1.298349
0.749000	-1.301015	-1.301015	-1.301015
0.750000	-1.303681	-1.303681	-1.303681
0.751000	-1.306348	-1.306348	-1.306348
0.752000	-1.309014	-1.309014	-1.309014
0.753000	-1.311680	-1.311680	-1.311680
0.754000	-1.314347	-1.314347	-1.314347
0.755000	-1.317013	-1.317014	-1.317014
0.756000	-1.319680	-1.319680	-1.319680
0.757000	-1.322347	-1.322347	-1.322347
0.758000	-1.325014	-1.325015	-1.325015
0.759000	-1.327682	-1.327682	-1.327682
0.760000	-1.330349	-1.330349	-1.330349
0.761000	-1.333017	-1.333017	-1.333017
0.762000	-1.335685	-1.335685	-1.335685
0.763000	-1.338353	-1.338353	-1.338353
0.764000	-1.341022	-1.341022	-1.341022
0.765000	-1.343690	-1.343690	-1.343690
0.766000	-1.346359	-1.346359	-1.346359
0.767000	-1.349028	-1.349029	-1.349029
0.768000	-1.351698	-1.351698	-1.351698
0.769000	-1.354368	-1.354368	-1.354368
0.770000	-1.357038	-1.357038	-1.357038
0.771000	-1.359708	-1.359708	-1.359708
0.772000	-1.362379	-1.362379	-1.362379
0.773000	-1.365050	-1.365050	-1.365050
0.774000	-1.367721	-1.367721	-1.367721
0.775000	-1.370393	-1.370393	-1.370393
0.776000	-1.373065	-1.373065	-1.373065
0.777000	-1.375738	-1.375738	-1.375738
0.778000	-1.378411	-1.378411	-1.378411
0.779000	-1.381084	-1.381084	-1.381084
0.780000	-1.383758	-1.383758	-1.383758
0.781000	-1.386432	-1.386432	-1.386432
0.782000	-1.389107	-1.389107	-1.389107
0.783000	-1.391782	-1.391782	-1.391782
0.784000	-1.394457	-1.394457	-1.394457
0.785000	-1.397133	-1.397133	-1.397133
0.786000	-1.399809	-1.399810	-1.399810
0.787000	-1.402486	-1.402487	-1.402487
0.788000	-1.405164	-1.405164	-1.405164
0.789000	-1.407842	-1.407842	-1.407842
0.790000	-1.410520	-1.410520	-1.410520
0.791000	-1.413199	-1.413199	-1.413199
0.792000	-1.415879	-1.415879	-1.415879
0.793000	-1.418559	-1.418559	-1.418559
0.794000	-1.421240	-1.421240	-1.421240
0.795000	-1.423921	-1.423921	-1.423921
0.796000	-1.426603	-1.426603	-1.426603
0.797000	-1.429285	-1.429285	-1.429285
0.798000	-1.431968	-1.431968	-1.431968
0.799000	-1.434652	-1.434652	-1.434652
0.800000	-1.437336	-1.437336	-1.437336
0.801000	-1.440021	-1.440021	-1.440021
0.802000	-1.442706	-1.442706	-1.442706
0.803000	-1.445392	-1.445393	-1.445393
0.804000	-1.448079	-1.448079	-1.448079
0.805000	-1.450767	-1.450767	-1.450767
0.806000	-1.453455	-1.453455	-1.453455
0.807000	-1.456144	-1.456144	-1.456144
0.808000	-1.458834	-1.458834	-1.458834
0.809000	-1.461524	-1.461524	-1.461524
0.810000	-1.464215	-1.464215	-1.464215
0.811000	-1.466907	-1.466907	-1.466907
0.812000	-1.469599	-1.469599	-1.469599
0.813000	-1.472293	-1.472293	-1.472293
0.814000	-1.474987	-1.474987	-1.474987
0.815000	-1.477682	-1.477682	-1.477682
0.816000	-1.480377	-1.480377	-1.480377
0.817000	-1.483074	-1.483074	-1.483074
0.818000	-1.485771	-1.485771	-1.485771
0.819000	-1.488469	-1.488469	-1.488469
0.820000	-1.491168	-1.491168	-1.491168
0.821000	-1.493868	-1.493868	-1.493868
0.822000	-1.496569	-1.496569	-1.496569
0.823000	-1.499270	-1.499270	-1.499270
0.824000	-1.501972	-1.501972	-1.501972
0.825000	-1.504676	-1.504676	-1.504676
0.826000	-1.507380	-1.507380	-1.507380
0.827000	-1.510085	-1.510085	-1.510085
0.828000	-1.512791	-1.512791	-1.512791
0.829000	-1.515498	-1.515498	-1.515498
0.830000	-1.518205	-1.518206	-1.518206
0.831000	-1.520914	-1.520914	-1.520914
0.832000	-1.523624	-1.523624	-1.523624
0.833000	-1.526335	-1.526335	-1.526335
0.834000	-1.529046	-1.529046	-1.529046
0.835000	-1.531759	-1.531759	-1.531759
0.836000	-1.534472	-1.534472	-1.534472
0.837000	-1.537187	-1.537187	-1.537187
0.838000	-1.539903	-1.539903	-1.539903
0.839000	-1.542619	-1.542619	-1.542619
0.840000	-1.545337	-1.545337	-1.545337
0.841000	-1.548056	-1.548056	-1.548056
0.842000	-1.550775	-1.550775	-1.550775
0.843000	-1.553496	-1.553496	-1.553496
0.844000	-1.556218	-1.556218	-1.556218
0.845000	-1.558941	-1.558941	-1.558941
0.846000	-1.561665	-1.561665	-1.561665
0.847000	-1.564390	-1.564390	-1.564390
0.848000	-1.567117	-1.567117	-1.567117
0.849000	-1.569844	-1.569844	-1.569844
0.850000	-1.572573	-1.572573	-1.572573
0.851000	-1.575302	-1.575302	-1.575302
0.852000	-1.578033	-1.578033	-1.578033
0.853000	-1.580765	-1.580765	-1.580765
0.854000	-1.583498	-1.583498	-1.583498
0.855000	-1.586232	-1.586233	-1.586233
0.856000	-1.588968	-1.588968	-1.588968
0.857000	-1.591705	-1.591705	-1.591705
0.858000	-1.594443	-1.594443	-1.594443
0.859000	-1.597182	-1.597182	-1.597182
0.860000	-1.599922	-1.599922	-1.599922
0.861000	-1.602664	-1.602664	-1.602664
0.862000	-1.605406	-1.605407	-1.605407
0.863000	-1.608151	-1.608151	-1.608151
0.864000	-1.610896	-1.610896	-1.610896
0.865000	-1.613643	-1.613643	-1.613643
0.866000	-1.616390	-1.616391	-1.616391
0.867000	-1.619140	-1.619140	-1.619140
0.868000	-1.621890	-1.621890	-1.621890
0.869000	-1.624642	-1.624642	-1.624642
0.870000	-1.627395	-1.627395	-1.627395
0.871000	-1.630150	-1.630150	-1.630150
0.872000	-1.632905	-1.632905	-1.632905
0.873000	-1.635663	-1.635663	-1.635663
0.874000	-1.638421	-1.638421	-1.638421
0.875000	-1.641181	-1.641181	-1.641181
0.876000	-1.643942	-1.643942	-1.643942
0.877000	-1.646705	-1.646705	-1.646705
0.878000	-1.649469	-1.649469	-1.649469
0.879000	-1.652234	-1.652235	-1.652235
0.880000	-1.655001	-1.655001	-1.655001
0.881000	-1.657770	-1.657770	-1.657770
0.882000	-1.660539	-1.660539	-1.660539
0.883000	-1.663311	-1.663311	-1.663311
0.884000	-1.666083	-1.666083	-1.666083
0.885000	-1.668857	-1.668857	-1.668857
0.886000	-1.671633	-1.671633	-1.671633
0.887000	-1.674410	-1.674410	-1.674410
0.888000	-1.677188	-1.677189	-1.677189
0.889000	-1.679969	-1.679969	-1.679969
0.890000	-1.682750	-1.682750	-1.682750
0.891000	-1.685533	-1.685533	-1.685533
0.892000	-1.688318	-1.688318	-1.688318
0.893000	-1.691104	-1.691104	-1.691104
0.894000	-1.693892	-1.693892	-1.693892
0.895000	-1.696681	-1.696681	-1.696681
0.896000	-1.699472	-1.699472	-1.699472
0.897000	-1.702264	-1.702264	-1.702264
0.898000	-1.705058	-1.705058	-1.705058
0.899000	-1.707854	-1.707854	-1.707854
0.900000	-1.710651	-1.710651	-1.710651
0.901000	-1.713449	-1.713450	-1.713450
0.902000	-1.716250	-1.716250	-1.716250
0.903000	-1.719052	-1.719052	-1.719052
0.904000	-1.721856	-1.721856	-1.721856
0.905000	-1.724661	-1.724661	-1.724661
0.906000	-1.727468	-1.727468	-1.727468
0.907000	-1.730276	-1.730276	-1.730276
0.908000	-1.733087	-1.733087	-1.733087
0.909000	-1.735899	-1.735899	-1.735899
0.910000	-1.738712	-1.738712	-1.738712
0.911000	-1.741528	-1.741528	-1.741528
0.912000	-1.744345	-1.744345	-1.744345
0.913000	-1.747164	-1.747164	-1.747164
0.914000	-1.749984	-1.749984	-1.749984
0.915000	-1.752807	-1.752807	-1.752807
0.916000	-1.755631	-1.755631	-1.755631
0.917000	-1.758456	-1.758456	-1.758456
0.918000	-1.761284	-1.761284	-1.761284
0.919000	-1.764113	-1.764113	-1.764113
0.920000	-1.766944	-1.766944	-1.766944
0.921000	-1.769777	-1.769777	-1.769777
0.922000	-1.772612	-1.772612	-1.772612
0.923000	-1.775449	-1.775449	-1.775449
0.924000	-1.778287	-1.778287	-1.778287
0.925000	-1.781127	-1.781127	-1.781127
0.926000	-1.783969	-1.783969	-1.783969
0.927000	-1.786813	-1.786813	-1.786813
0.928000	-1.789659	-1.789659	-1.789659
0.929000	-1.792506	-1.792506	-1.792506
0.930000	-1.795356	-1.795356	-1.795356
0.931000	-1.798207	-1.798207	-1.798207
0.932000	-1.801060	-1.801060	-1.801060
0.933000	-1.803915	-1.803915	-1.803915
0.934000	-1.806772	-1.806772	-1.806772
0.935000	-1.809631	-1.809631	-1.809631
0.936000	-1.812492	-1.812492	-1.812492
0.937000	-1.815355	-1.815355	-1.815355
0.938000	-1.818220	-1.818220	-1.818220
0.939000	-1.821087	-1.821087	-1.821087
0.940000	-1.823955	-1.823955	-1.823955
0.941000	-1.826826	-1.826826	-1.826826
0.942000	-1.829699	-1.829699	-1.829699
0.943000	-1.832573	-1.832573	-1.832573
0.944000	-1.835450	-1.835450	-1.835450
0.945000	-1.838328	-1.838328	-1.838328
0.946000	-1.841209	-1.841209	-1.841209
0.947000	-1.844092	-1.844092	-1.844092
0.948000	-1.846976	-1.846976	-1.846976
0.949000	-1.849863	-1.849863	-1.849863
0.950000	-1.852752	-1.852752	-1.852752
0.951000	-1.855643	-1.855643	-1.855643
0.952000	-1.858536	-1.858536	-1.858536
0.953000	-1.861431	-1.861431	-1.861431
0.954000	-1.864328	-1.864328	-1.864328
0.955000	-1.867227	-1.867227	-1.867227
0.956000	-1.870128	-1.870128	-1.870128
0.957000	-1.873032	-1.873032	-1.873032
0.958000	-1.875937	-1.875937	-1.875937
0.959000	-1.878845	-1.878845	-1.878845
0.960000	-1.881755	-1.881755	-1.881755
0.961000	-1.884667	-1.884667	-1.884667
0.962000	-1.887581	-1.887581	-1.887581
0.963000	-1.890497	-1.890497	-1.890497
0.964000	-1.893415	-1.893415	-1.893415
0.965000	-1.896336	-1.896336	-1.896336
0.966000	-1.899259	-1.899259	-1.899259
0.967000	-1.902184	-1.902184	-1.902184
0.968000	-1.905111	-1.905111	-1.905111
0.969000	-1.908041	-1.908041	-1.908041
0.970000	-1.910972	-1.910972	-1.910972
0.971000	-1.913906	-1.913906	-1.913906
0.972000	-1.916842	-1.916842	-1.916842
0.973000	-1.919781	-1.919781	-1.919781
0.974000	-1.922721	-1.922721	-1.922721
0.975000	-1.925664	-1.925664	-1.925664
0.976000	-1.928609	-1.928609	-1.928609
0.977000	-1.931557	-1.931557	-1.931557
0.978000	-1.934507	-1.934507	-1.934507
0.979000	-1.937459	-1.937459	-1.937459
0.980000	-1.940413	-1.940413	-1.940413
0.981000	-1.943370	-1.943370	-1.943370
0.982000	-1.946329	-1.946329	-1.946329
0.983000	-1.949290	-1.949290	-1.949290
0.984000	-1.952254	-1.952254	-1.952254
0.985000	-1.955220	-1.955220	-1.955220
0.986000	-1.958189	-1.958189	-1.958189
0.987000	-1.961159	-1.961159	-1.961159
0.988000	-1.964133	-1.964133	-1.964133
0.989000	-1.967108	-1.967108	-1.967108
0.990000	-1.970086	-1.970086	-1.970086
0.991000	-1.973067	-1.973067	-1.973067
0.992000	-1.976049	-1.976049	-1.976049
0.993000	-1.979035	-1.979035	-1.979035
0.994000	-1.982022	-1.982022	-1.982022
0.995000	-1.985012	-1.985012	-1.985012
0.996000	-1.988005	-1.988005	-1.988005
0.997000	-1.991000	-1.991000	-1.991000
0.998000	-1.993998	-1.993998	-1.993998
0.999000	-1.996998	-1.996998	-1.996998
1.000000	-2.000000	-2.000000	-2.000000
